2 0.161328 0.419271 0.013281 0.028125
2 0.091406 0.469792 0.010937 0.035417
0 0.553516 0.356250 0.013281 0.010417
0 0.335156 0.365625 0.035937 0.018750
0 0.890625 0.464062 0.012500 0.013542
0 0.162891 0.416667 0.030469 0.029167
0 0.542188 0.354687 0.012500 0.009375
2 0.832031 0.427604 0.010937 0.015625
0 0.601172 0.364063 0.017969 0.013542
0 0.588672 0.359896 0.016406 0.015625
0 0.312109 0.369792 0.019531 0.014583
0 0.571875 0.357812 0.015625 0.013542
0 0.189453 0.406771 0.017969 0.015625
2 0.122266 0.441667 0.011719 0.031250
0 0.972266 0.552604 0.055469 0.092708
0 0.951953 0.522917 0.044531 0.045833
0 0.107031 0.456250 0.025000 0.035417
0 0.242969 0.387500 0.026562 0.020833
0 0.629687 0.365625 0.040625 0.022917
0 0.211719 0.385937 0.040625 0.048958
0 0.672656 0.373958 0.042188 0.022917
0 0.483984 0.354687 0.013281 0.011458
0 0.470703 0.356250 0.011719 0.010417
0 0.860938 0.446875 0.010937 0.010417
0 0.877734 0.455729 0.011719 0.015625
0 0.903906 0.473438 0.017188 0.019792
2 0.130078 0.436979 0.013281 0.026042
2 0.141016 0.431771 0.011719 0.034375
2 0.148047 0.424479 0.011719 0.032292
2 0.171875 0.413021 0.015625 0.028125
2 0.185156 0.406771 0.012500 0.026042
