0 0.223828 0.277083 0.019531 0.018750
0 0.572266 0.308854 0.014844 0.011458
0 0.101172 0.336458 0.016406 0.018750
0 0.040625 0.396354 0.021875 0.034375
0 0.275000 0.269271 0.035937 0.026042
0 0.125391 0.320312 0.017969 0.019792
0 0.634375 0.335938 0.018750 0.013542
0 0.225781 0.272396 0.017188 0.011458
0 0.113281 0.328125 0.014063 0.014583
0 0.289844 0.268229 0.042188 0.028125
0 0.725000 0.390625 0.040625 0.031250
0 0.758203 0.414583 0.044531 0.041667
0 0.166016 0.298438 0.033594 0.026042
0 0.140234 0.311458 0.024219 0.025000
0 0.846094 0.503125 0.045312 0.072917
0 0.207031 0.288021 0.040625 0.034375
0 0.260156 0.276562 0.064062 0.036458
0 0.399219 0.268750 0.054688 0.033333
0 0.355469 0.267708 0.089063 0.039583
0 0.082812 0.353646 0.017188 0.021875
0 0.916406 0.598958 0.015625 0.031250
0 0.932422 0.671875 0.038281 0.072917
0 0.948828 0.706771 0.025781 0.051042
