0 0.617969 0.360938 0.020313 0.019792
0 0.874219 0.449479 0.056250 0.065625
0 0.589063 0.359375 0.014063 0.010417
0 0.985156 0.560417 0.029687 0.087500
0 0.483594 0.355208 0.010937 0.010417
0 0.585938 0.356250 0.018750 0.016667
0 0.687500 0.374479 0.068750 0.042708
0 0.687500 0.375000 0.068750 0.043750
0 0.608984 0.360938 0.024219 0.017708
1 0.103125 0.444271 0.017188 0.042708
0 0.720703 0.382812 0.025781 0.032292
0 0.639062 0.364063 0.034375 0.026042
0 0.506250 0.357812 0.029687 0.036458
0 0.775391 0.403125 0.088281 0.070833
0 0.929688 0.501042 0.087500 0.118750
0 0.419922 0.369271 0.078906 0.061458
1 0.281250 0.372917 0.015625 0.043750
1 0.117969 0.436979 0.012500 0.038542
0 0.058203 0.494271 0.024219 0.051042
