2 0.402734 0.367708 0.017969 0.027083
2 0.316797 0.382292 0.035156 0.045833
2 0.387109 0.370312 0.022656 0.028125
2 0.361719 0.371354 0.025000 0.034375
2 0.375781 0.371875 0.021875 0.029167
2 0.144922 0.460417 0.053906 0.089583
2 0.171875 0.434375 0.059375 0.091667
2 0.295312 0.386979 0.037500 0.053125
2 0.116797 0.488021 0.044531 0.086458
2 0.337500 0.380208 0.035937 0.039583
2 0.244531 0.406771 0.048438 0.061458
2 0.224219 0.414062 0.051562 0.067708
2 0.266016 0.397396 0.042969 0.057292
2 0.200000 0.422917 0.053125 0.077083
0 0.501953 0.359375 0.030469 0.037500
0 0.453906 0.361458 0.042188 0.041667
2 0.015625 0.578125 0.029687 0.156250
2 0.030078 0.569271 0.052344 0.128125
2 0.060547 0.525521 0.042969 0.138542
2 0.089844 0.511458 0.037500 0.116667
