2 0.770312 0.428646 0.037500 0.065625
2 0.811719 0.446875 0.045312 0.075000
2 0.899219 0.490104 0.031250 0.111458
0 0.369922 0.362500 0.069531 0.039583
2 0.671094 0.398438 0.046875 0.042708
0 0.307031 0.376042 0.042188 0.031250
0 0.542969 0.369792 0.017188 0.016667
2 0.844531 0.467708 0.048438 0.085417
2 0.704688 0.403125 0.031250 0.047917
2 0.735938 0.410417 0.042188 0.062500
0 0.520312 0.368229 0.015625 0.017708
0 0.561719 0.371875 0.023438 0.022917
0 0.586719 0.371875 0.039062 0.035417
0 0.632812 0.375000 0.078125 0.052083
2 0.958203 0.517708 0.044531 0.152083
