0 0.846875 0.435417 0.028125 0.035417
0 0.261328 0.208854 0.074219 0.061458
0 0.481250 0.356250 0.025000 0.025000
1 0.140625 0.424479 0.012500 0.021875
0 0.415234 0.352083 0.016406 0.012500
0 0.403125 0.352083 0.021875 0.016667
0 0.460938 0.354687 0.012500 0.013542
1 0.314844 0.362500 0.014063 0.041667
0 0.429688 0.352604 0.012500 0.011458
0 0.562500 0.354687 0.021875 0.017708
0 0.025391 0.525521 0.032031 0.059375
0 0.380469 0.352604 0.039062 0.019792
0 0.071484 0.472396 0.024219 0.034375
0 0.481250 0.356250 0.025000 0.025000
0 0.875781 0.459375 0.045312 0.039583
0 0.796484 0.412500 0.083594 0.075000
0 0.730469 0.394792 0.087500 0.060417
0 0.969141 0.538542 0.013281 0.020833
