0 0.574219 0.318750 0.010937 0.016667
0 0.560937 0.310937 0.012500 0.011458
0 0.542969 0.304167 0.014063 0.010417
0 0.392578 0.268750 0.041406 0.025000
0 0.435547 0.277083 0.046094 0.025000
0 0.858594 0.537500 0.046875 0.077083
0 0.331641 0.264583 0.074219 0.045833
0 0.263281 0.276042 0.078125 0.050000
0 0.685547 0.380208 0.124219 0.114583
0 0.116406 0.321354 0.021875 0.028125
0 0.031250 0.399479 0.021875 0.038542
0 0.062109 0.365625 0.010156 0.012500
2 0.050781 0.376563 0.007812 0.013542
0 0.941797 0.673958 0.022656 0.031250
0 0.936328 0.654687 0.013281 0.017708
0 0.954297 0.715625 0.019531 0.037500
