0 0.247656 0.271875 0.026562 0.016667
0 0.309375 0.266667 0.025000 0.018750
0 0.202344 0.295833 0.081250 0.064583
0 0.689063 0.375000 0.075000 0.072917
0 0.496094 0.294271 0.145313 0.105208
0 0.138672 0.308854 0.021094 0.023958
0 0.109766 0.327604 0.025781 0.030208
0 0.032813 0.397396 0.020313 0.038542
0 0.963672 0.757292 0.021094 0.033333
0 0.958984 0.734896 0.017969 0.026042
0 0.881250 0.542188 0.017188 0.021875
0 0.889844 0.556771 0.023438 0.028125
0 0.898828 0.569792 0.019531 0.029167
0 0.944141 0.672396 0.013281 0.026042
0 0.934766 0.643750 0.013281 0.025000
0 0.954297 0.707292 0.014844 0.033333
0 0.055859 0.369271 0.011719 0.013542
