0 0.485547 0.289583 0.019531 0.025000
1 0.454688 0.294271 0.009375 0.028125
0 0.867969 0.335417 0.014063 0.016667
0 0.548438 0.281250 0.021875 0.018750
0 0.859375 0.326562 0.023438 0.026042
0 0.781641 0.292187 0.038281 0.032292
0 0.510938 0.284896 0.068750 0.032292
0 0.093359 0.566667 0.047656 0.079167
0 0.883594 0.346354 0.025000 0.038542
0 0.577734 0.278646 0.036719 0.026042
1 0.231250 0.414062 0.050000 0.098958
0 0.907422 0.359896 0.013281 0.017708
1 0.575000 0.285417 0.014063 0.029167
0 0.041797 0.659896 0.016406 0.030208
0 0.073828 0.589583 0.022656 0.050000
0 0.033203 0.681250 0.011719 0.027083
0 0.054688 0.625521 0.017188 0.030208
