0 0.764844 0.433854 0.076563 0.088542
0 0.168359 0.296875 0.032031 0.033333
0 0.671875 0.347917 0.084375 0.068750
0 0.362500 0.256771 0.021875 0.023958
0 0.130078 0.309896 0.021094 0.021875
0 0.726172 0.392188 0.024219 0.017708
0 0.871875 0.532813 0.021875 0.032292
0 0.835156 0.494271 0.034375 0.048958
0 0.622266 0.334375 0.024219 0.018750
0 0.575781 0.314063 0.029687 0.021875
0 0.473438 0.267708 0.037500 0.027083
0 0.764844 0.433854 0.076563 0.088542
0 0.371875 0.265104 0.028125 0.044792
0 0.887500 0.565625 0.031250 0.052083
0 0.672266 0.347396 0.085156 0.067708
0 0.210156 0.281771 0.054688 0.048958
0 0.264453 0.269271 0.061719 0.036458
0 0.304688 0.261979 0.053125 0.032292
0 0.530469 0.296354 0.082812 0.065625
0 0.434766 0.277604 0.117969 0.078125
0 0.943359 0.685937 0.019531 0.040625
0 0.932813 0.650000 0.015625 0.027083
0 0.060156 0.368229 0.015625 0.021875
0 0.033203 0.406250 0.016406 0.039583
0 0.042188 0.390625 0.015625 0.027083
