0 0.444922 0.276562 0.044531 0.030208
0 0.225391 0.276042 0.052344 0.031250
0 0.816406 0.473438 0.054688 0.080208
0 0.612891 0.337500 0.057031 0.054167
0 0.196094 0.292187 0.079687 0.053125
0 0.857812 0.513542 0.046875 0.058333
0 0.051562 0.392708 0.039062 0.077083
0 0.256250 0.270833 0.034375 0.033333
0 0.369141 0.264583 0.191406 0.089583
0 0.529687 0.303646 0.134375 0.096875
0 0.706250 0.388021 0.179688 0.165625
0 0.940625 0.706250 0.054688 0.112500
0 0.142187 0.310937 0.035937 0.038542
0 0.114844 0.322396 0.018750 0.026042
