0 0.727734 0.411979 0.133594 0.148958
0 0.111719 0.336979 0.025000 0.061458
0 0.872656 0.504687 0.150000 0.257292
0 0.516016 0.302083 0.092969 0.070833
0 0.225781 0.292187 0.076563 0.059375
0 0.174609 0.327604 0.117969 0.111458
0 0.414844 0.289583 0.190625 0.114583
0 0.270703 0.275000 0.074219 0.052083
0 0.934375 0.654167 0.029687 0.047917
0 0.943359 0.672396 0.017969 0.032292
0 0.921094 0.611458 0.015625 0.031250
0 0.050000 0.382812 0.015625 0.030208
0 0.080859 0.350521 0.021094 0.034375
0 0.066016 0.366146 0.013281 0.023958
0 0.095312 0.339062 0.014063 0.021875
