0 0.749609 0.413542 0.035156 0.018750
0 0.840625 0.495833 0.045312 0.060417
0 0.046094 0.383854 0.015625 0.030208
0 0.632812 0.342708 0.093750 0.039583
0 0.062500 0.371354 0.023438 0.048958
0 0.840625 0.494271 0.043750 0.061458
0 0.926562 0.641667 0.037500 0.062500
0 0.664844 0.366667 0.140625 0.083333
0 0.785156 0.443750 0.085938 0.070833
0 0.474219 0.290104 0.026562 0.021875
0 0.440625 0.284896 0.028125 0.019792
0 0.218750 0.283854 0.028125 0.021875
0 0.279687 0.273958 0.057813 0.039583
0 0.360938 0.264583 0.076563 0.058333
0 0.089844 0.340625 0.009375 0.014583
0 0.873828 0.539062 0.028906 0.038542
0 0.955859 0.714583 0.016406 0.035417
0 0.943750 0.672396 0.015625 0.028125
0 0.919141 0.607812 0.019531 0.030208
