0 0.071484 0.354167 0.007031 0.010417
0 0.864062 0.530208 0.021875 0.022917
0 0.107813 0.326562 0.010937 0.013542
0 0.128516 0.312500 0.014844 0.020833
0 0.843750 0.508333 0.037500 0.041667
0 0.775391 0.430729 0.067969 0.065625
0 0.217969 0.283854 0.032813 0.026042
0 0.243359 0.280729 0.021094 0.017708
0 0.936719 0.676042 0.032813 0.064583
0 0.148047 0.305208 0.035156 0.031250
0 0.725391 0.410417 0.036719 0.033333
0 0.037109 0.403646 0.041406 0.088542
0 0.191406 0.290104 0.021875 0.019792
0 0.662500 0.370833 0.075000 0.054167
0 0.055859 0.369792 0.022656 0.039583
0 0.385156 0.280208 0.048438 0.027083
0 0.426172 0.284896 0.066406 0.040625
0 0.963672 0.775000 0.033594 0.052083
0 0.880469 0.551042 0.014063 0.018750
