0 0.177734 0.295312 0.019531 0.017708
0 0.117969 0.323958 0.015625 0.022917
0 0.950000 0.697396 0.026562 0.048958
0 0.255078 0.276562 0.016406 0.017708
0 0.148047 0.306771 0.021094 0.019792
0 0.201953 0.288542 0.032031 0.027083
0 0.130859 0.312500 0.016406 0.020833
0 0.814844 0.471875 0.031250 0.025000
0 0.839844 0.499479 0.037500 0.042708
0 0.933594 0.656250 0.023438 0.045833
0 0.232031 0.284896 0.032813 0.019792
0 0.048828 0.391667 0.041406 0.081250
0 0.410547 0.275521 0.107031 0.055208
0 0.630469 0.351042 0.064062 0.041667
0 0.730078 0.417187 0.122656 0.092708
0 0.494531 0.300000 0.160938 0.089583
0 0.958594 0.731250 0.021875 0.047917
0 0.868750 0.532813 0.021875 0.021875
0 0.097656 0.335938 0.012500 0.019792
0 0.107031 0.327604 0.007812 0.021875
