0 0.906250 0.572917 0.015625 0.025000
0 0.946094 0.670833 0.026562 0.045833
0 0.061328 0.372396 0.011719 0.019792
0 0.240625 0.280729 0.095312 0.080208
0 0.131250 0.316667 0.025000 0.031250
0 0.886328 0.544271 0.010156 0.015625
0 0.858594 0.506771 0.042188 0.040625
0 0.161328 0.305729 0.021094 0.019792
0 0.813672 0.465625 0.067969 0.068750
0 0.778906 0.431771 0.051562 0.040625
0 0.332031 0.267708 0.045312 0.043750
0 0.304688 0.268229 0.039062 0.030208
0 0.600391 0.332292 0.122656 0.062500
0 0.046875 0.391146 0.035937 0.071875
0 0.240234 0.280729 0.094531 0.080208
0 0.427734 0.283333 0.155469 0.095833
0 0.691406 0.385937 0.139063 0.092708
0 0.896875 0.557292 0.017188 0.018750
0 0.957031 0.695833 0.014063 0.027083
0 0.917969 0.595833 0.010937 0.016667
