0 0.476562 0.359896 0.009375 0.011458
0 0.442969 0.357812 0.017188 0.021875
0 0.228906 0.393229 0.026562 0.015625
0 0.195703 0.404167 0.019531 0.018750
0 0.575000 0.359375 0.021875 0.020833
0 0.163672 0.413542 0.024219 0.027083
0 0.598437 0.365625 0.018750 0.014583
0 0.460938 0.356771 0.018750 0.017708
3 0.157031 0.436458 0.037500 0.060417
0 0.273438 0.380208 0.028125 0.016667
0 0.928125 0.534896 0.143750 0.171875
0 0.810937 0.425000 0.084375 0.060417
0 0.642969 0.371875 0.032813 0.022917
0 0.506250 0.363021 0.037500 0.046875
0 0.409375 0.367708 0.071875 0.056250
0 0.719922 0.396354 0.114844 0.078125
0 0.067578 0.480208 0.061719 0.060417
