0 0.453125 0.362500 0.010937 0.008333
0 0.562500 0.367188 0.012500 0.017708
0 0.468750 0.361979 0.009375 0.009375
0 0.499219 0.365625 0.020313 0.027083
0 0.441797 0.362500 0.013281 0.012500
0 0.499219 0.365104 0.020313 0.028125
0 0.427344 0.365625 0.020313 0.018750
3 0.710547 0.393750 0.027344 0.041667
0 0.073047 0.466667 0.025781 0.029167
0 0.534766 0.366146 0.011719 0.013542
0 0.035547 0.518229 0.069531 0.113542
0 0.255078 0.382292 0.107031 0.079167
0 0.917188 0.551562 0.165625 0.253125
0 0.615234 0.373958 0.103906 0.085417
0 0.384375 0.368229 0.043750 0.034375
0 0.326562 0.374479 0.078125 0.059375
0 0.764453 0.403646 0.042969 0.038542
0 0.413281 0.367188 0.015625 0.013542
