0 0.457031 0.369271 0.010937 0.009375
0 0.200391 0.409375 0.028906 0.014583
0 0.337891 0.373958 0.011719 0.008333
0 0.373828 0.371875 0.024219 0.014583
0 0.411719 0.370312 0.014063 0.011458
0 0.401172 0.371875 0.014844 0.010417
0 0.425781 0.360417 0.020313 0.027083
0 0.263281 0.383854 0.079687 0.036458
0 0.317188 0.373958 0.031250 0.014583
0 0.623437 0.372396 0.043750 0.051042
0 0.517188 0.368750 0.012500 0.012500
0 0.536719 0.368750 0.020313 0.020833
0 0.489063 0.367708 0.028125 0.039583
0 0.957031 0.555729 0.085938 0.134375
0 0.772266 0.424479 0.319531 0.278125
