0 0.144141 0.489063 0.064844 0.144792
0 0.919531 0.380208 0.042188 0.091667
1 0.806250 0.295833 0.009375 0.035417
0 0.030859 0.728125 0.042969 0.110417
0 0.826562 0.307292 0.035937 0.035417
0 0.060547 0.628646 0.032031 0.063542
0 0.871875 0.339583 0.020313 0.037500
0 0.903906 0.356771 0.021875 0.040625
0 0.839063 0.332813 0.053125 0.061458
0 0.776953 0.304167 0.060156 0.050000
0 0.428125 0.394792 0.584375 0.529167
0 0.046094 0.647396 0.020313 0.042708
0 0.028516 0.686458 0.032031 0.033333
0 0.017969 0.765104 0.020313 0.051042
0 0.067578 0.599479 0.027344 0.038542
