0 0.499219 0.277604 0.048438 0.059375
1 0.692187 0.280208 0.007812 0.022917
0 0.583594 0.276562 0.017188 0.017708
0 0.571875 0.275521 0.037500 0.021875
0 0.306641 0.350521 0.027344 0.017708
0 0.549609 0.275521 0.017969 0.019792
0 0.859375 0.335417 0.018750 0.022917
0 0.661328 0.273438 0.046094 0.028125
0 0.909375 0.369271 0.028125 0.040625
0 0.499219 0.277083 0.048438 0.060417
0 0.730078 0.286979 0.049219 0.028125
3 0.168359 0.472917 0.036719 0.060417
0 0.048438 0.644271 0.032813 0.055208
0 0.056641 0.615104 0.021094 0.040625
