0 0.028125 0.521875 0.054688 0.110417
0 0.892969 0.461979 0.015625 0.015625
0 0.860156 0.444792 0.018750 0.018750
0 0.382812 0.367708 0.025000 0.022917
0 0.218359 0.403646 0.017969 0.015625
0 0.877344 0.452604 0.015625 0.013542
0 0.239844 0.395833 0.032813 0.022917
0 0.084766 0.465104 0.022656 0.036458
0 0.526563 0.367708 0.018750 0.020833
0 0.327734 0.379167 0.044531 0.025000
0 0.405078 0.368229 0.027344 0.026042
0 0.782813 0.404167 0.054688 0.045833
0 0.925000 0.484896 0.017188 0.015625
0 0.179688 0.418229 0.025000 0.026042
0 0.426172 0.366667 0.016406 0.016667
