0 0.854688 0.329688 0.015625 0.032292
0 0.373437 0.335417 0.026562 0.025000
0 0.917969 0.375521 0.039062 0.071875
0 0.061719 0.642708 0.053125 0.097917
0 0.873437 0.337500 0.025000 0.035417
0 0.550000 0.300521 0.190625 0.123958
0 0.754687 0.299479 0.060937 0.048958
0 0.809375 0.327083 0.087500 0.104167
0 0.275000 0.406771 0.137500 0.126042
2 0.649609 0.291146 0.019531 0.036458
2 0.669922 0.290104 0.022656 0.036458
2 0.685156 0.290625 0.017188 0.037500
2 0.696094 0.293229 0.021875 0.042708
2 0.171875 0.475000 0.032813 0.050000
0 0.033203 0.714583 0.022656 0.047917
