0 0.531250 0.363542 0.012500 0.010417
0 0.519531 0.361979 0.014063 0.013542
2 0.880469 0.475000 0.015625 0.041667
0 0.156250 0.418750 0.023438 0.020833
2 0.928906 0.489063 0.025000 0.078125
0 0.175781 0.413021 0.020313 0.021875
0 0.198437 0.405729 0.025000 0.017708
0 0.599219 0.369271 0.034375 0.036458
0 0.653516 0.373437 0.080469 0.061458
0 0.562500 0.364063 0.048438 0.046875
0 0.477344 0.364583 0.073438 0.085417
2 0.955078 0.513021 0.041406 0.080208
2 0.973828 0.536979 0.028906 0.076042
2 0.989062 0.559375 0.021875 0.089583
2 0.860547 0.448958 0.036719 0.070833
2 0.843750 0.438021 0.039062 0.063542
2 0.821094 0.425000 0.040625 0.056250
2 0.791406 0.416667 0.028125 0.050000
2 0.771484 0.406771 0.028906 0.046875
2 0.717969 0.392188 0.018750 0.040625
2 0.751953 0.400521 0.025781 0.046875
2 0.741406 0.393229 0.035937 0.040625
