3 0.604688 0.292708 0.037500 0.050000
0 0.863281 0.335417 0.023438 0.020833
2 0.511719 0.310417 0.025000 0.058333
0 0.069922 0.594792 0.025781 0.047917
0 0.882031 0.340104 0.025000 0.030208
0 0.920312 0.380208 0.035937 0.064583
0 0.791016 0.306771 0.050781 0.044792
0 0.824219 0.323958 0.053125 0.058333
0 0.711719 0.296875 0.107813 0.064583
0 0.392578 0.344792 0.228906 0.172917
2 0.576953 0.293750 0.039844 0.060417
0 0.029687 0.705208 0.029687 0.068750
0 0.035156 0.663542 0.015625 0.027083
2 0.264453 0.401042 0.038281 0.064583
2 0.201172 0.445833 0.027344 0.062500
2 0.225391 0.423438 0.027344 0.067708
2 0.247266 0.408333 0.035156 0.079167
