0 0.415625 0.265104 0.081250 0.028125
0 0.407031 0.267188 0.067187 0.026042
0 0.690625 0.364063 0.015625 0.023958
0 0.606641 0.307292 0.094531 0.066667
0 0.709375 0.375521 0.028125 0.030208
0 0.730469 0.389583 0.023438 0.029167
0 0.564063 0.307292 0.040625 0.027083
0 0.192578 0.292708 0.064844 0.052083
0 0.492969 0.286458 0.039062 0.027083
0 0.620313 0.332292 0.043750 0.031250
0 0.654687 0.345313 0.037500 0.030208
0 0.529297 0.296354 0.032031 0.023958
0 0.321484 0.264583 0.110156 0.041667
0 0.048828 0.393750 0.041406 0.083333
0 0.064453 0.372396 0.017969 0.038542
0 0.158984 0.303125 0.022656 0.022917
0 0.936719 0.664583 0.032813 0.062500
0 0.962109 0.750521 0.022656 0.040625
