1 0.748047 0.279167 0.010156 0.027083
0 0.920703 0.375000 0.033594 0.058333
0 0.303906 0.359896 0.160938 0.092708
0 0.115234 0.538542 0.047656 0.081250
0 0.166016 0.472396 0.083594 0.140625
0 0.861719 0.336979 0.043750 0.059375
0 0.305078 0.398958 0.211719 0.170833
0 0.693750 0.290625 0.112500 0.072917
0 0.528125 0.312500 0.196875 0.125000
0 0.892188 0.341146 0.017188 0.028125
0 0.066406 0.602083 0.021875 0.045833
0 0.032422 0.690625 0.013281 0.027083
0 0.046094 0.642188 0.012500 0.030208
2 0.408203 0.308854 0.013281 0.042708
2 0.423047 0.305208 0.016406 0.043750
2 0.440234 0.296354 0.016406 0.038542
2 0.466406 0.290625 0.020313 0.037500
2 0.453516 0.293229 0.014844 0.044792
