0 0.222266 0.280208 0.033594 0.027083
0 0.862500 0.526563 0.045312 0.051042
0 0.095703 0.343750 0.021094 0.033333
0 0.861719 0.526563 0.043750 0.051042
0 0.341016 0.258333 0.075781 0.037500
0 0.500781 0.280729 0.070312 0.067708
0 0.433594 0.282292 0.160938 0.070833
0 0.769922 0.389583 0.092969 0.081250
0 0.267188 0.263542 0.081250 0.064583
0 0.896094 0.576042 0.039062 0.052083
0 0.130469 0.325000 0.057813 0.043750
0 0.806250 0.464583 0.096875 0.097917
0 0.565625 0.308854 0.065625 0.057292
0 0.650000 0.360417 0.162500 0.091667
