0 0.628125 0.371354 0.040625 0.021875
0 0.275781 0.384896 0.029687 0.023958
0 0.492969 0.366146 0.039062 0.026042
2 0.961719 0.514062 0.039062 0.073958
2 0.946094 0.504167 0.034375 0.056250
0 0.367188 0.371354 0.015625 0.019792
2 0.928906 0.483854 0.026562 0.055208
0 0.238281 0.393750 0.029687 0.020833
0 0.568359 0.368750 0.033594 0.020833
0 0.070703 0.482812 0.085156 0.084375
0 0.521094 0.365104 0.064062 0.032292
0 0.178125 0.415625 0.039062 0.039583
0 0.209766 0.403125 0.027344 0.022917
0 0.482812 0.364063 0.067187 0.044792
2 0.430078 0.367708 0.021094 0.025000
0 0.422656 0.366146 0.017188 0.017708
0 0.403906 0.367708 0.017188 0.018750
0 0.257812 0.387500 0.010937 0.016667
