0 0.225391 0.271875 0.075781 0.075000
0 0.960156 0.749479 0.025000 0.053125
0 0.036719 0.395833 0.034375 0.068750
0 0.910937 0.610417 0.026562 0.045833
0 0.665625 0.354687 0.031250 0.017708
0 0.700000 0.383333 0.059375 0.043750
0 0.093359 0.344271 0.027344 0.046875
0 0.225391 0.271354 0.075781 0.076042
0 0.848437 0.547396 0.104688 0.140625
0 0.110156 0.326562 0.017188 0.023958
0 0.346484 0.268750 0.042969 0.016667
0 0.403516 0.273958 0.050781 0.020833
0 0.532813 0.308333 0.056250 0.029167
0 0.462891 0.286458 0.052344 0.027083
0 0.175781 0.319792 0.115625 0.114583
0 0.939844 0.656250 0.046875 0.081250
0 0.613672 0.337500 0.035156 0.025000
0 0.111719 0.325000 0.018750 0.025000
