0 0.034766 0.686458 0.019531 0.043750
2 0.675000 0.295312 0.025000 0.044792
2 0.784375 0.301042 0.018750 0.035417
2 0.692969 0.292187 0.023438 0.046875
2 0.725000 0.292187 0.028125 0.046875
2 0.705859 0.292708 0.027344 0.043750
2 0.752734 0.296875 0.036719 0.039583
0 0.921875 0.370833 0.034375 0.054167
0 0.826562 0.307812 0.021875 0.021875
0 0.852344 0.337500 0.051562 0.066667
0 0.114062 0.525000 0.037500 0.054167
0 0.410547 0.373437 0.491406 0.438542
2 0.048828 0.648958 0.021094 0.041667
0 0.048438 0.641146 0.021875 0.038542
