0 0.657031 0.375521 0.023438 0.030208
2 0.255469 0.393750 0.026562 0.041667
0 0.577344 0.364063 0.007812 0.026042
0 0.778125 0.411458 0.012500 0.012500
2 0.008594 0.579167 0.015625 0.062500
0 0.476562 0.353646 0.012500 0.009375
0 0.441406 0.357292 0.010937 0.016667
0 0.089844 0.446875 0.039062 0.064583
0 0.843750 0.443229 0.034375 0.028125
0 0.557031 0.363542 0.040625 0.045833
0 0.953906 0.501563 0.032813 0.040625
0 0.505469 0.362500 0.045312 0.039583
0 0.375000 0.363021 0.037500 0.034375
0 0.506250 0.362500 0.045312 0.039583
0 0.820312 0.430208 0.039062 0.025000
0 0.596484 0.364583 0.017969 0.016667
0 0.556250 0.363021 0.040625 0.046875
0 0.425000 0.360417 0.028125 0.027083
0 0.615234 0.368229 0.021094 0.023958
0 0.049219 0.507292 0.048438 0.100000
0 0.707812 0.386458 0.125000 0.110417
0 0.151953 0.481771 0.213281 0.232292
