0 0.942969 0.669792 0.034375 0.060417
0 0.445312 0.270833 0.028125 0.018750
0 0.312500 0.276562 0.015625 0.013542
0 0.789844 0.450521 0.014063 0.017708
0 0.820312 0.478646 0.021875 0.023958
0 0.132812 0.323958 0.017188 0.022917
0 0.360156 0.278125 0.017188 0.012500
0 0.457031 0.289583 0.023438 0.018750
0 0.426563 0.284896 0.029687 0.017708
0 0.848437 0.519792 0.070312 0.106250
0 0.086719 0.356771 0.046875 0.069792
0 0.224219 0.287500 0.103125 0.100000
0 0.601172 0.358333 0.203906 0.168750
2 0.949219 0.722396 0.050000 0.090625
0 0.927344 0.610417 0.043750 0.066667
0 0.885547 0.559896 0.025781 0.046875
0 0.732422 0.402604 0.039844 0.032292
0 0.153906 0.314583 0.023438 0.033333
