0 0.077734 0.368229 0.047656 0.082292
0 0.669922 0.371875 0.030469 0.033333
0 0.707812 0.394271 0.037500 0.034375
0 0.550781 0.319792 0.032813 0.033333
0 0.896094 0.546875 0.081250 0.145833
0 0.773828 0.438021 0.017969 0.028125
0 0.641016 0.358333 0.033594 0.029167
0 0.896094 0.547396 0.081250 0.146875
0 0.737500 0.413021 0.037500 0.038542
0 0.611719 0.343750 0.031250 0.037500
0 0.519531 0.302083 0.023438 0.014583
0 0.582031 0.331250 0.035937 0.033333
0 0.550781 0.319792 0.032813 0.033333
0 0.077734 0.368750 0.047656 0.083333
0 0.531250 0.307292 0.021875 0.016667
0 0.805078 0.465625 0.035156 0.033333
0 0.933984 0.657813 0.042969 0.080208
0 0.468359 0.295833 0.050781 0.037500
0 0.909375 0.528125 0.062500 0.104167
0 0.957422 0.739583 0.024219 0.056250
0 0.964844 0.761979 0.021875 0.032292
0 0.923438 0.619792 0.028125 0.033333
