0 0.541406 0.273438 0.035937 0.030208
0 0.541406 0.273438 0.035937 0.030208
0 0.861719 0.330729 0.015625 0.017708
0 0.846875 0.320833 0.017188 0.029167
0 0.196094 0.458854 0.076563 0.119792
0 0.925781 0.341146 0.064062 0.107292
0 0.140234 0.501563 0.060156 0.126042
0 0.805859 0.307292 0.027344 0.047917
0 0.828906 0.315104 0.023438 0.034375
0 0.757031 0.298958 0.082812 0.064583
0 0.130078 0.507292 0.069531 0.135417
0 0.099219 0.554167 0.050000 0.091667
0 0.030859 0.705729 0.027344 0.063542
2 0.880859 0.339583 0.008594 0.022917
