0 0.904687 0.351042 0.023438 0.045833
0 0.739844 0.283333 0.023438 0.037500
1 0.813672 0.311458 0.011719 0.039583
0 0.546875 0.286979 0.090625 0.078125
2 0.338672 0.384375 0.116406 0.168750
0 0.399219 0.327083 0.064062 0.085417
0 0.209375 0.428646 0.065625 0.101042
0 0.478125 0.306250 0.065625 0.075000
0 0.633203 0.299479 0.157031 0.092708
0 0.249219 0.399479 0.070312 0.103125
0 0.312500 0.366667 0.089063 0.110417
0 0.130078 0.508333 0.052344 0.091667
0 0.094531 0.550521 0.034375 0.061458
0 0.035156 0.677083 0.020313 0.041667
0 0.019922 0.763021 0.032031 0.067708
2 0.858203 0.327604 0.010156 0.019792
