0 0.035547 0.688542 0.024219 0.058333
0 0.908594 0.352083 0.021875 0.041667
0 0.420703 0.302083 0.025781 0.041667
0 0.374219 0.320833 0.043750 0.035417
0 0.374219 0.320833 0.043750 0.037500
0 0.831250 0.314063 0.028125 0.036458
0 0.799609 0.306771 0.039844 0.055208
0 0.578125 0.284375 0.184375 0.137500
2 0.682813 0.293750 0.081250 0.137500
0 0.862500 0.359896 0.075000 0.105208
0 0.196484 0.462500 0.132031 0.133333
2 0.097266 0.577083 0.066406 0.120833
0 0.453125 0.306250 0.059375 0.050000
0 0.257422 0.385937 0.075781 0.071875
0 0.110156 0.520312 0.017188 0.057292
0 0.132422 0.497917 0.041406 0.079167
