0 0.423438 0.320312 0.070312 0.080208
0 0.154297 0.482812 0.033594 0.046875
0 0.931250 0.366146 0.025000 0.038542
0 0.143359 0.487500 0.058594 0.083333
0 0.426563 0.298438 0.059375 0.036458
0 0.743359 0.298958 0.092969 0.110417
0 0.347656 0.349479 0.084375 0.084375
0 0.344531 0.352604 0.078125 0.088542
0 0.743359 0.298958 0.092969 0.110417
0 0.822656 0.325000 0.076563 0.077083
0 0.256250 0.426563 0.182812 0.201042
0 0.528906 0.325000 0.270313 0.179167
2 0.908594 0.365104 0.009375 0.026042
0 0.029297 0.701042 0.025781 0.060417
0 0.060937 0.624479 0.028125 0.051042
0 0.072266 0.586458 0.022656 0.041667
