0 0.751172 0.429167 0.019531 0.016667
1 0.045312 0.335938 0.009375 0.028125
0 0.827344 0.469271 0.098437 0.130208
0 0.719531 0.403125 0.018750 0.022917
0 0.827344 0.469271 0.096875 0.130208
0 0.827344 0.469271 0.096875 0.130208
0 0.758984 0.436979 0.033594 0.028125
0 0.026562 0.367188 0.035937 0.044792
0 0.673828 0.378125 0.022656 0.022917
0 0.696094 0.387500 0.023438 0.029167
0 0.169922 0.297917 0.025781 0.020833
0 0.141797 0.310937 0.028906 0.028125
0 0.319141 0.274479 0.052344 0.030208
0 0.616406 0.347917 0.079687 0.050000
0 0.059375 0.340625 0.115625 0.158333
