0 0.548047 0.348958 0.016406 0.018750
0 0.513281 0.339583 0.057813 0.091667
0 0.544531 0.352083 0.010937 0.012500
2 0.635547 0.362500 0.011719 0.029167
2 0.459375 0.353125 0.015625 0.056250
2 0.671094 0.372917 0.020313 0.043750
2 0.376953 0.366667 0.039844 0.091667
0 0.476172 0.346875 0.017969 0.022917
2 0.433594 0.365104 0.039062 0.094792
2 0.201953 0.432812 0.125781 0.221875
0 0.512500 0.340104 0.057813 0.092708
0 0.575781 0.361458 0.057813 0.052083
0 0.836719 0.519792 0.326562 0.410417
2 0.653516 0.368229 0.014844 0.030208
