0 0.571094 0.322917 0.032813 0.025000
0 0.665625 0.331250 0.075000 0.014583
0 0.048438 0.386458 0.026562 0.039583
0 0.491797 0.284375 0.027344 0.022917
0 0.086719 0.342708 0.025000 0.050000
0 0.903906 0.585417 0.021875 0.033333
0 0.571875 0.310417 0.037500 0.045833
0 0.790625 0.451562 0.037500 0.030208
0 0.535156 0.307292 0.039062 0.039583
0 0.882031 0.564583 0.039062 0.054167
0 0.826953 0.500000 0.094531 0.108333
0 0.192188 0.310937 0.184375 0.205208
0 0.665625 0.396875 0.203125 0.139583
0 0.361719 0.281250 0.189062 0.129167
2 0.476562 0.299479 0.034375 0.038542
0 0.873828 0.536458 0.021094 0.029167
