1 0.572266 0.322396 0.017969 0.038542
0 0.939063 0.710938 0.059375 0.113542
0 0.839063 0.499479 0.160938 0.259375
0 0.753125 0.412500 0.023438 0.029167
0 0.914062 0.591667 0.042188 0.095833
0 0.838672 0.499479 0.161719 0.259375
0 0.100000 0.339583 0.026562 0.052083
0 0.055469 0.401562 0.070312 0.132292
0 0.261719 0.238021 0.315625 0.390625
0 0.092969 0.319271 0.028125 0.090625
2 0.519531 0.300521 0.015625 0.034375
2 0.535937 0.307292 0.018750 0.035417
2 0.594531 0.331771 0.020313 0.038542
2 0.611719 0.340625 0.015625 0.033333
0 0.733594 0.398438 0.025000 0.026042
2 0.929688 0.647917 0.032813 0.058333
