1 0.978906 0.556771 0.018750 0.061458
1 0.775000 0.401042 0.010937 0.018750
1 0.869531 0.458854 0.015625 0.046875
0 0.478125 0.355729 0.015625 0.011458
0 0.626172 0.369792 0.046094 0.035417
1 0.889062 0.475000 0.018750 0.050000
1 0.738672 0.396875 0.013281 0.035417
1 0.919531 0.497917 0.023438 0.052083
0 0.440234 0.358854 0.027344 0.030208
0 0.573438 0.366667 0.059375 0.058333
0 0.804688 0.437500 0.093750 0.062500
0 0.501563 0.360417 0.031250 0.037500
0 0.405469 0.363021 0.053125 0.046875
0 0.698438 0.388542 0.050000 0.037500
0 0.331250 0.385417 0.109375 0.079167
1 0.676562 0.370833 0.012500 0.022917
1 0.816406 0.435937 0.023438 0.063542
