2 0.855469 0.329688 0.020313 0.048958
2 0.108594 0.570312 0.042188 0.119792
2 0.282031 0.423958 0.104688 0.227083
2 0.821094 0.325521 0.034375 0.071875
2 0.156250 0.538021 0.109375 0.159375
2 0.805859 0.323437 0.033594 0.078125
2 0.787109 0.320833 0.033594 0.100000
2 0.345703 0.419271 0.072656 0.198958
2 0.835156 0.323958 0.035937 0.068750
0 0.918750 0.371875 0.023438 0.035417
2 0.746094 0.331771 0.082812 0.117708
2 0.572656 0.332292 0.118750 0.197917
2 0.677344 0.307812 0.068750 0.173958
2 0.081641 0.616667 0.041406 0.077083
2 0.241406 0.451562 0.109375 0.188542
2 0.058203 0.632812 0.022656 0.057292
0 0.030078 0.695833 0.019531 0.054167
