0 0.568750 0.284896 0.015625 0.015625
0 0.632031 0.280208 0.026562 0.016667
0 0.685937 0.271354 0.015625 0.013542
0 0.582031 0.284375 0.014063 0.022917
1 0.507812 0.286979 0.009375 0.028125
0 0.903125 0.359896 0.010937 0.019792
0 0.563281 0.280729 0.026562 0.023958
0 0.546484 0.284375 0.022656 0.022917
1 0.647656 0.281250 0.014063 0.039583
0 0.623047 0.278125 0.030469 0.018750
0 0.814453 0.298958 0.032031 0.039583
0 0.598437 0.279167 0.021875 0.012500
0 0.742969 0.285417 0.029687 0.025000
0 0.916406 0.375000 0.031250 0.045833
2 0.530469 0.289062 0.017188 0.042708
0 0.033594 0.662500 0.040625 0.097917
2 0.125391 0.530208 0.044531 0.077083
2 0.304297 0.365104 0.041406 0.055208
2 0.352344 0.348438 0.042188 0.044792
2 0.375391 0.336979 0.038281 0.053125
2 0.391406 0.331250 0.031250 0.043750
2 0.404687 0.326562 0.034375 0.044792
2 0.426172 0.316667 0.036719 0.052083
2 0.474609 0.303646 0.030469 0.036458
2 0.716797 0.288542 0.028906 0.027083
0 0.888672 0.346875 0.014844 0.014583
0 0.871875 0.338021 0.015625 0.017708
