0 0.478906 0.356250 0.012500 0.016667
0 0.439063 0.357812 0.021875 0.030208
1 0.894531 0.463542 0.012500 0.022917
0 0.452344 0.357292 0.017188 0.027083
0 0.427344 0.359896 0.026562 0.034375
0 0.054688 0.427083 0.065625 0.158333
0 0.525781 0.357812 0.010937 0.013542
0 0.489844 0.357292 0.014063 0.014583
0 0.810156 0.425521 0.095312 0.051042
1 0.115234 0.422396 0.019531 0.067708
0 0.508594 0.359375 0.020313 0.022917
0 0.383203 0.368229 0.080469 0.057292
0 0.577344 0.367188 0.057813 0.055208
1 0.876172 0.453646 0.008594 0.021875
1 0.881641 0.457292 0.010156 0.025000
2 0.686328 0.388021 0.010156 0.015625
2 0.719141 0.396875 0.017969 0.020833
2 0.702734 0.392708 0.011719 0.018750
2 0.696094 0.391146 0.010937 0.015625
