2 0.835938 0.314063 0.020313 0.038542
0 0.029687 0.710417 0.032813 0.075000
1 0.282031 0.354167 0.020313 0.041667
2 0.820703 0.310417 0.014844 0.033333
0 0.881250 0.344271 0.018750 0.028125
0 0.909375 0.368229 0.025000 0.040625
0 0.103516 0.548958 0.063281 0.100000
0 0.579688 0.308333 0.225000 0.145833
2 0.047266 0.654687 0.014844 0.026042
1 0.083594 0.577604 0.029687 0.057292
1 0.744141 0.277604 0.008594 0.040625
1 0.737500 0.276562 0.015625 0.042708
2 0.862109 0.334375 0.010156 0.035417
0 0.066797 0.601562 0.022656 0.053125
0 0.075781 0.590104 0.025000 0.057292
