0 0.830469 0.506771 0.131250 0.196875
0 0.938281 0.658333 0.028125 0.054167
0 0.059766 0.379167 0.019531 0.037500
0 0.599219 0.341667 0.171875 0.095833
0 0.751563 0.409375 0.059375 0.035417
0 0.158984 0.311979 0.028906 0.034375
0 0.132031 0.319271 0.021875 0.030208
0 0.642188 0.321354 0.215625 0.142708
0 0.830469 0.506250 0.131250 0.195833
0 0.908594 0.595313 0.042188 0.071875
0 0.206250 0.293750 0.070312 0.054167
0 0.368359 0.280208 0.163281 0.081250
2 0.954297 0.704688 0.011719 0.023958
2 0.948438 0.692708 0.010937 0.025000
