0 0.234766 0.287500 0.033594 0.025000
0 0.818750 0.502083 0.150000 0.225000
0 0.182812 0.297396 0.015625 0.013542
0 0.348438 0.277604 0.045312 0.015625
1 0.634766 0.339062 0.010156 0.026042
0 0.153125 0.305729 0.021875 0.017708
0 0.454297 0.290625 0.066406 0.027083
0 0.198437 0.292708 0.025000 0.020833
0 0.271875 0.280208 0.045312 0.027083
0 0.910156 0.608854 0.039062 0.065625
0 0.598047 0.338542 0.072656 0.033333
0 0.114062 0.336458 0.048438 0.068750
0 0.818750 0.503125 0.148438 0.227083
0 0.941406 0.708333 0.060937 0.122917
0 0.050391 0.390625 0.041406 0.081250
0 0.897656 0.568229 0.029687 0.044792
0 0.089844 0.340625 0.020313 0.054167
