2 0.195703 0.454167 0.022656 0.070833
2 0.714063 0.296875 0.056250 0.050000
2 0.731641 0.296875 0.024219 0.047917
2 0.771484 0.304167 0.017969 0.041667
2 0.753125 0.301042 0.021875 0.045833
2 0.569531 0.301042 0.057813 0.079167
2 0.545703 0.301042 0.033594 0.081250
1 0.121484 0.506250 0.027344 0.070833
2 0.329688 0.375521 0.046875 0.082292
2 0.157422 0.484896 0.030469 0.057292
2 0.621875 0.278646 0.037500 0.088542
2 0.663281 0.290625 0.051562 0.064583
0 0.916406 0.359375 0.037500 0.072917
2 0.799219 0.304167 0.017188 0.050000
1 0.375000 0.343750 0.037500 0.079167
1 0.246484 0.398438 0.046094 0.094792
1 0.431641 0.312500 0.036719 0.112500
2 0.877734 0.344271 0.011719 0.034375
2 0.500781 0.307812 0.040625 0.094792
1 0.527344 0.276562 0.032813 0.078125
1 0.290234 0.367188 0.044531 0.082292
1 0.237891 0.393750 0.032031 0.095833
0 0.031250 0.704688 0.031250 0.069792
0 0.048047 0.644792 0.019531 0.033333
0 0.069141 0.613542 0.032031 0.060417
