2 0.404687 0.360938 0.018750 0.028125
1 0.917969 0.497917 0.009375 0.041667
1 0.896875 0.483854 0.014063 0.030208
2 0.414453 0.361458 0.019531 0.025000
1 0.946875 0.533333 0.023438 0.050000
2 0.352344 0.371875 0.021875 0.039583
2 0.316016 0.381771 0.064844 0.044792
2 0.376563 0.368750 0.035937 0.029167
0 0.978516 0.562500 0.042969 0.081250
1 0.938281 0.529167 0.014063 0.041667
2 0.144141 0.452604 0.041406 0.084375
0 0.537500 0.360417 0.020313 0.025000
0 0.507031 0.352604 0.029687 0.055208
0 0.662109 0.364583 0.205469 0.179167
1 0.925000 0.511458 0.014063 0.045833
