2 0.829688 0.315625 0.025000 0.039583
2 0.130859 0.507812 0.022656 0.078125
0 0.029297 0.707292 0.032031 0.085417
2 0.102344 0.548438 0.029687 0.059375
2 0.815625 0.314063 0.026562 0.038542
1 0.742969 0.285938 0.014063 0.048958
1 0.203516 0.427083 0.039844 0.066667
1 0.187500 0.442188 0.037500 0.069792
1 0.428125 0.303646 0.040625 0.107292
0 0.918750 0.359896 0.048438 0.088542
1 0.258984 0.384896 0.041406 0.073958
1 0.239063 0.390625 0.028125 0.077083
1 0.293359 0.364063 0.052344 0.092708
1 0.356250 0.342187 0.039062 0.092708
0 0.025000 0.757812 0.032813 0.069792
1 0.366016 0.338021 0.044531 0.098958
