0 0.508594 0.347917 0.056250 0.097917
2 0.340625 0.382292 0.018750 0.043750
0 0.585156 0.369792 0.073438 0.068750
2 0.406250 0.363542 0.021875 0.033333
2 0.441406 0.367708 0.026562 0.077083
0 0.585938 0.369792 0.071875 0.068750
0 0.126562 0.564063 0.251563 0.451042
0 0.543750 0.361458 0.018750 0.025000
0 0.507812 0.347917 0.056250 0.100000
2 0.266797 0.464062 0.180469 0.380208
0 0.958594 0.580208 0.082812 0.164583
0 0.808203 0.434375 0.063281 0.066667
0 0.735156 0.417708 0.157812 0.114583
2 0.475000 0.359896 0.010937 0.042708
