2 0.850391 0.433333 0.047656 0.097917
2 0.592187 0.366667 0.018750 0.029167
2 0.926562 0.462500 0.040625 0.104167
2 0.577734 0.366146 0.019531 0.026042
2 0.603516 0.366667 0.030469 0.031250
2 0.645312 0.371875 0.034375 0.047917
2 0.793359 0.408854 0.052344 0.073958
0 0.500000 0.352083 0.087500 0.112500
2 0.963281 0.509375 0.053125 0.122917
2 0.693359 0.380208 0.075781 0.156250
2 0.892188 0.454167 0.034375 0.112500
2 0.755859 0.389583 0.050781 0.083333
0 0.500000 0.352083 0.087500 0.112500
0 0.351953 0.366667 0.155469 0.116667
0 0.076953 0.518750 0.152344 0.252083
0 0.435547 0.361458 0.046094 0.052083
