2 0.414453 0.364583 0.014844 0.025000
2 0.437109 0.363021 0.011719 0.019792
2 0.021484 0.582812 0.041406 0.123958
0 0.548438 0.359896 0.031250 0.038542
2 0.428125 0.364583 0.015625 0.020833
0 0.548828 0.360417 0.032031 0.039583
2 0.451953 0.364583 0.016406 0.058333
0 0.614062 0.366146 0.031250 0.019792
2 0.397656 0.369271 0.023438 0.028125
2 0.376563 0.368750 0.034375 0.039583
2 0.337500 0.375521 0.057813 0.053125
2 0.210547 0.418750 0.058594 0.079167
2 0.289844 0.392708 0.060937 0.056250
2 0.246094 0.408333 0.035937 0.072917
2 0.032813 0.538021 0.064062 0.136458
0 0.510938 0.354167 0.034375 0.066667
2 0.130859 0.466667 0.049219 0.100000
2 0.097266 0.481250 0.057031 0.133333
0 0.717969 0.426563 0.207813 0.167708
