2 0.390625 0.3625 0.021875 0.0291667
0 0.433594 0.359375 0.0109375 0.0145833
0 0.451562 0.357292 0.009375 0.0125
2 0.380859 0.364583 0.0367187 0.0270833
0 0.508594 0.35 0.0234375 0.0416667
0 0.440625 0.358854 0.0125 0.0135417
0 0.110156 0.534896 0.21875 0.440625
2 0.407422 0.361458 0.0195312 0.0229167
2 0.329688 0.376563 0.034375 0.0364583
0 0.508594 0.349479 0.0234375 0.040625
2 0.354688 0.370833 0.03125 0.0354167
0 0.542969 0.358333 0.025 0.0270833
2 0.221484 0.408333 0.0507812 0.0708333
2 0.294141 0.382812 0.0445312 0.046875
0 0.841406 0.443229 0.071875 0.046875
0 0.705469 0.416146 0.226562 0.205208
