2 0.144531 0.500521 0.028125 0.048958
2 0.399219 0.335417 0.039062 0.083333
0 0.907031 0.360938 0.012500 0.019792
0 0.059766 0.620313 0.050781 0.092708
2 0.350391 0.354167 0.033594 0.087500
2 0.348828 0.354167 0.030469 0.087500
2 0.120313 0.519271 0.021875 0.061458
2 0.382422 0.345833 0.032031 0.079167
1 0.782813 0.293229 0.015625 0.040625
2 0.421094 0.328125 0.035937 0.077083
2 0.672266 0.282813 0.039844 0.061458
2 0.617969 0.286979 0.064062 0.067708
2 0.517188 0.303646 0.045312 0.063542
2 0.549219 0.297917 0.029687 0.066667
2 0.648828 0.286458 0.032031 0.060417
2 0.706250 0.288021 0.043750 0.055208
3 0.259375 0.404167 0.043750 0.085417
2 0.730469 0.291146 0.020313 0.055208
2 0.294141 0.381250 0.041406 0.091667
2 0.322656 0.367188 0.029687 0.076042
2 0.175781 0.479167 0.046875 0.062500
2 0.886328 0.344271 0.007031 0.026042
2 0.812891 0.306250 0.032031 0.039583
3 0.457813 0.326042 0.040625 0.095833
