0 0.084766 0.525521 0.032031 0.057292
2 0.441406 0.279687 0.015625 0.028125
0 0.864844 0.337500 0.021875 0.027083
0 0.074609 0.596875 0.032031 0.083333
2 0.396875 0.292187 0.028125 0.063542
0 0.102734 0.562500 0.069531 0.125000
0 0.817578 0.323437 0.053906 0.061458
0 0.546484 0.316667 0.333594 0.262500
0 0.056641 0.611979 0.022656 0.063542
0 0.051953 0.628646 0.021094 0.046875
0 0.025391 0.708333 0.013281 0.025000
2 0.257031 0.369271 0.014063 0.038542
2 0.321094 0.333854 0.026562 0.048958
2 0.350781 0.320833 0.020313 0.043750
2 0.371484 0.311458 0.022656 0.054167
2 0.461719 0.275521 0.017188 0.026042
2 0.723437 0.275521 0.018750 0.028125
2 0.740625 0.281250 0.018750 0.029167
2 0.755859 0.281771 0.011719 0.028125
2 0.291016 0.350521 0.030469 0.055208
2 0.269141 0.365104 0.011719 0.048958
2 0.209375 0.402083 0.015625 0.037500
2 0.226562 0.392188 0.014063 0.040625
2 0.241797 0.381250 0.019531 0.045833
2 0.192188 0.419271 0.025000 0.038542
