2 0.154688 0.317708 0.014063 0.018750
2 0.179297 0.305208 0.013281 0.027083
2 0.198828 0.304688 0.017969 0.023958
2 0.719922 0.417708 0.047656 0.060417
2 0.333203 0.292708 0.038281 0.043750
2 0.244531 0.295312 0.035937 0.036458
2 0.283203 0.294792 0.028906 0.035417
0 0.079297 0.355729 0.019531 0.028125
2 0.303516 0.293750 0.033594 0.039583
2 0.658594 0.367708 0.057813 0.089583
2 0.372656 0.292708 0.042188 0.047917
2 0.544922 0.332292 0.027344 0.060417
2 0.600391 0.354687 0.052344 0.069792
2 0.560547 0.335938 0.028906 0.063542
2 0.398828 0.293750 0.041406 0.062500
2 0.494922 0.318229 0.027344 0.061458
2 0.465625 0.308333 0.034375 0.066667
2 0.437500 0.303125 0.034375 0.062500
2 0.523828 0.320833 0.032031 0.070833
0 0.961328 0.748437 0.030469 0.057292
0 0.955078 0.714583 0.019531 0.033333
2 0.737500 0.418750 0.037500 0.070833
2 0.747266 0.428125 0.032031 0.064583
2 0.761328 0.439583 0.035156 0.064583
