3 0.460156 0.371875 0.0328125 0.04375
3 0.127734 0.466146 0.0585938 0.113542
0 0.680469 0.380208 0.0140625 0.0145833
0 0.687109 0.383333 0.0179687 0.01875
3 0.326562 0.396354 0.04375 0.0760417
3 0.034375 0.558333 0.0296875 0.133333
3 0.378906 0.3875 0.04375 0.0666667
3 0.48125 0.374479 0.0390625 0.0447917
3 0.515234 0.376042 0.0210938 0.0270833
1 0.827344 0.429167 0.0171875 0.0416667
3 0.40625 0.386458 0.03125 0.05625
3 0.350391 0.388021 0.0554687 0.0802083
3 0.103516 0.509375 0.0445312 0.13125
3 0.447266 0.383854 0.0554687 0.0552083
0 0.704687 0.385938 0.028125 0.0302083
3 0.0640625 0.530208 0.0375 0.13125
0 0.728125 0.398438 0.05 0.046875
3 0.183984 0.454167 0.0382813 0.116667
