2 0.421484 0.372396 0.022656 0.036458
2 0.032813 0.620833 0.064062 0.170833
2 0.282031 0.425521 0.048438 0.088542
2 0.242578 0.436979 0.069531 0.098958
2 0.400781 0.376042 0.028125 0.045833
2 0.365625 0.388021 0.040625 0.055208
2 0.439844 0.369792 0.017188 0.022917
2 0.304688 0.412500 0.050000 0.070833
2 0.112109 0.511979 0.096094 0.146875
2 0.330078 0.404687 0.038281 0.063542
2 0.208203 0.471875 0.058594 0.072917
2 0.150781 0.475521 0.101562 0.140625
2 0.381641 0.380208 0.038281 0.052083
2 0.345313 0.394792 0.048438 0.064583
0 0.571094 0.363542 0.017188 0.018750
0 0.878906 0.474479 0.126562 0.153125
2 0.069531 0.563021 0.068750 0.161458
0 0.590625 0.366667 0.025000 0.022917
0 0.719141 0.410938 0.207031 0.148958
