2 0.075781 0.604167 0.032813 0.058333
2 0.205859 0.492708 0.077344 0.127083
2 0.096875 0.592708 0.032813 0.056250
2 0.794531 0.326042 0.037500 0.052083
2 0.817187 0.330208 0.028125 0.045833
2 0.294922 0.384896 0.085156 0.073958
2 0.189062 0.511458 0.046875 0.097917
2 0.130469 0.552604 0.051562 0.073958
2 0.152734 0.538021 0.058594 0.084375
2 0.110156 0.569792 0.050000 0.068750
2 0.281250 0.460938 0.084375 0.123958
2 0.315625 0.458333 0.084375 0.120833
2 0.231250 0.470313 0.096875 0.157292
2 0.725000 0.330729 0.056250 0.071875
2 0.769922 0.321875 0.058594 0.070833
2 0.663281 0.328646 0.095312 0.121875
2 0.367188 0.395833 0.068750 0.170833
2 0.611719 0.340104 0.070312 0.103125
2 0.483594 0.370833 0.060937 0.120833
2 0.419922 0.383854 0.072656 0.142708
2 0.563281 0.341667 0.070312 0.131250
