2 0.618750 0.384375 0.025000 0.043750
2 0.726172 0.410417 0.077344 0.085417
2 0.699219 0.401562 0.048438 0.082292
2 0.628906 0.393229 0.020313 0.038542
2 0.610156 0.385937 0.020313 0.034375
0 0.363281 0.375000 0.064062 0.045833
2 0.640625 0.391667 0.034375 0.050000
2 0.657031 0.397917 0.042188 0.062500
2 0.795312 0.434896 0.075000 0.111458
0 0.362891 0.375000 0.064844 0.045833
0 0.403906 0.370312 0.023438 0.023958
0 0.432812 0.372396 0.043750 0.038542
2 0.894922 0.480208 0.052344 0.172917
2 0.945312 0.531250 0.057813 0.197917
2 0.977344 0.583854 0.045312 0.196875
