0 0.370312 0.350521 0.023438 0.019792
0 0.800000 0.403125 0.067187 0.047917
0 0.800391 0.402604 0.066406 0.046875
0 0.975781 0.564063 0.035937 0.069792
1 0.161328 0.408333 0.013281 0.041667
0 0.756250 0.394792 0.018750 0.012500
0 0.091016 0.452083 0.044531 0.041667
0 0.680469 0.369792 0.048438 0.037500
0 0.457813 0.345313 0.037500 0.019792
0 0.305078 0.345313 0.063281 0.055208
0 0.054688 0.494792 0.081250 0.127083
0 0.408203 0.346354 0.042969 0.023958
0 0.564844 0.374479 0.114062 0.107292
0 0.278906 0.376042 0.095312 0.052083
3 0.987891 0.651563 0.024219 0.088542
