2 0.209375 0.294271 0.020313 0.038542
0 0.102344 0.327604 0.015625 0.021875
0 0.946875 0.717708 0.103125 0.147917
0 0.867188 0.521875 0.025000 0.039583
0 0.196875 0.297917 0.039062 0.031250
0 0.250781 0.280729 0.017188 0.019792
2 0.265234 0.283333 0.022656 0.039583
0 0.384766 0.285938 0.038281 0.057292
0 0.891406 0.548958 0.048438 0.085417
0 0.139063 0.318229 0.021875 0.032292
0 0.548828 0.309896 0.069531 0.032292
0 0.044922 0.404687 0.074219 0.171875
0 0.657813 0.406771 0.290625 0.188542
2 0.168750 0.303646 0.017188 0.036458
0 0.122656 0.322917 0.012500 0.029167
0 0.931250 0.649479 0.048438 0.065625
