2 0.332031 0.356771 0.045312 0.059375
2 0.174219 0.466146 0.034375 0.055208
0 0.038281 0.738542 0.075000 0.145833
0 0.189062 0.447917 0.031250 0.029167
0 0.622656 0.281771 0.034375 0.026042
0 0.092969 0.564063 0.054688 0.101042
0 0.696875 0.325000 0.215625 0.179167
0 0.931641 0.390104 0.060156 0.128125
0 0.916797 0.346354 0.042969 0.080208
0 0.464844 0.298958 0.037500 0.031250
0 0.514453 0.287500 0.033594 0.033333
0 0.538672 0.276042 0.019531 0.025000
0 0.550000 0.274479 0.014063 0.017708
0 0.495703 0.290104 0.025781 0.034375
2 0.310937 0.366146 0.031250 0.053125
2 0.290234 0.378125 0.028906 0.056250
2 0.268750 0.390104 0.023438 0.055208
0 0.048047 0.657813 0.030469 0.057292
