0 0.106250 0.331771 0.023438 0.032292
0 0.567187 0.320833 0.037500 0.045833
0 0.566797 0.320833 0.038281 0.045833
0 0.133203 0.319792 0.030469 0.035417
0 0.875781 0.527083 0.035937 0.050000
0 0.567187 0.320833 0.037500 0.045833
0 0.254688 0.278646 0.015625 0.013542
0 0.949219 0.714063 0.101562 0.148958
0 0.900391 0.564063 0.047656 0.067708
2 0.604688 0.352083 0.050000 0.060417
0 0.275391 0.284375 0.035156 0.027083
0 0.041797 0.397396 0.063281 0.117708
0 0.812891 0.487500 0.072656 0.077083
0 0.366406 0.285938 0.073438 0.046875
0 0.471484 0.313021 0.171094 0.101042
2 0.745703 0.425000 0.032031 0.041667
0 0.934375 0.645833 0.046875 0.056250
2 0.156250 0.307812 0.010937 0.023958
