2 0.446875 0.373958 0.015625 0.033333
1 0.462500 0.359896 0.009375 0.026042
1 0.477344 0.356771 0.007812 0.021875
2 0.948828 0.598958 0.102344 0.254167
2 0.056641 0.511458 0.033594 0.127083
1 0.846875 0.430729 0.021875 0.069792
2 0.038672 0.535937 0.035156 0.151042
2 0.533594 0.355208 0.007812 0.020833
2 0.679297 0.393229 0.039844 0.067708
2 0.710156 0.406250 0.045312 0.077083
2 0.327734 0.404167 0.105469 0.095833
2 0.126562 0.516146 0.096875 0.130208
2 0.655859 0.389583 0.035156 0.058333
2 0.273438 0.453125 0.150000 0.160417
2 0.023047 0.653125 0.044531 0.162500
2 0.012109 0.553125 0.022656 0.137500
