2 0.681250 0.397396 0.031250 0.053125
2 0.691016 0.391146 0.047656 0.071875
2 0.654297 0.384896 0.035156 0.055208
0 0.505469 0.357292 0.110937 0.139583
2 0.670703 0.390625 0.033594 0.056250
2 0.723437 0.409896 0.054688 0.069792
2 0.937109 0.550521 0.058594 0.155208
2 0.775391 0.428646 0.049219 0.092708
2 0.757812 0.416667 0.059375 0.089583
2 0.882812 0.509375 0.053125 0.139583
0 0.505469 0.357292 0.110937 0.139583
0 0.600000 0.370833 0.085938 0.087500
2 0.979297 0.599479 0.041406 0.176042
1 0.083203 0.228646 0.086719 0.273958
