0 0.121484 0.339583 0.080469 0.125000
2 0.728125 0.428125 0.081250 0.118750
2 0.787109 0.473958 0.052344 0.081250
2 0.715234 0.448437 0.053906 0.071875
2 0.758984 0.447917 0.061719 0.100000
2 0.585156 0.344271 0.051562 0.078125
2 0.655078 0.405729 0.082031 0.117708
2 0.236328 0.296875 0.039844 0.093750
0 0.035937 0.389583 0.070312 0.154167
2 0.282422 0.296875 0.046094 0.102083
0 0.121875 0.339583 0.079687 0.125000
2 0.461719 0.342708 0.243750 0.345833
0 0.897656 0.615625 0.093750 0.139583
2 0.817969 0.494792 0.050000 0.104167
