0 0.350781 0.322917 0.032813 0.027083
2 0.759375 0.305208 0.057813 0.062500
0 0.301953 0.356771 0.046094 0.067708
2 0.746094 0.298438 0.040625 0.046875
0 0.913281 0.357812 0.035937 0.042708
0 0.298047 0.357812 0.039844 0.065625
1 0.397266 0.324479 0.024219 0.053125
0 0.362891 0.324479 0.032031 0.023958
0 0.058594 0.654167 0.110937 0.218750
2 0.576172 0.293750 0.121094 0.114583
0 0.385156 0.313542 0.017188 0.018750
2 0.723047 0.286458 0.019531 0.041667
2 0.804688 0.314063 0.040625 0.065625
2 0.825781 0.318229 0.043750 0.055208
