2 0.799219 0.472396 0.039062 0.046875
0 0.340234 0.266667 0.022656 0.016667
0 0.297266 0.270313 0.044531 0.019792
2 0.432812 0.301042 0.031250 0.058333
2 0.455469 0.305208 0.034375 0.064583
0 0.179297 0.298958 0.036719 0.031250
2 0.478906 0.310937 0.029687 0.065625
2 0.400391 0.293750 0.041406 0.062500
2 0.570703 0.335938 0.024219 0.069792
2 0.355469 0.288542 0.040625 0.060417
2 0.508594 0.317188 0.026562 0.059375
2 0.531250 0.323437 0.026562 0.069792
0 0.846094 0.532813 0.082812 0.105208
2 0.370703 0.294271 0.033594 0.065625
0 0.957031 0.744792 0.020313 0.054167
