0 0.776563 0.515625 0.240625 0.256250
2 0.160547 0.323958 0.025781 0.043750
0 0.616406 0.329688 0.035937 0.028125
0 0.088281 0.350521 0.014063 0.028125
0 0.896875 0.580729 0.029687 0.053125
0 0.079687 0.353646 0.012500 0.028125
0 0.070312 0.356771 0.021875 0.030208
1 0.185938 0.279167 0.015625 0.031250
1 0.316797 0.254167 0.008594 0.047917
2 0.205859 0.301042 0.049219 0.072917
0 0.114062 0.332813 0.021875 0.046875
0 0.130078 0.326562 0.028906 0.046875
0 0.776953 0.516146 0.241406 0.257292
0 0.098047 0.338542 0.028906 0.045833
0 0.481641 0.333854 0.285156 0.169792
0 0.932422 0.656771 0.019531 0.038542
