0 0.489844 0.369792 0.0109375 0.00833333
0 0.485156 0.369271 0.0109375 0.009375
2 0.571484 0.377604 0.0289063 0.0364583
2 0.563672 0.379687 0.0164062 0.028125
2 0.553125 0.377604 0.0125 0.0197917
0 0.457812 0.373958 0.015625 0.01875
0 0.464844 0.370833 0.0109375 0.0166667
2 0.630469 0.391667 0.0296875 0.05625
0 0.529688 0.372917 0.009375 0.0104167
2 0.5875 0.380729 0.0421875 0.0447917
2 0.642969 0.392188 0.0375 0.0697917
2 0.613281 0.3875 0.0296875 0.0541667
0 0.385156 0.381771 0.0640625 0.0489583
2 0.68125 0.402604 0.0734375 0.0822917
0 0.425 0.375 0.034375 0.0333333
0 0.272266 0.405729 0.171094 0.111458
