2 0.800391 0.324479 0.025781 0.040625
2 0.287500 0.416667 0.071875 0.139583
2 0.742578 0.321875 0.032031 0.052083
2 0.092578 0.577604 0.024219 0.051042
2 0.106641 0.570833 0.025781 0.050000
2 0.784766 0.322396 0.025781 0.042708
0 0.914062 0.356771 0.020313 0.028125
2 0.115234 0.556771 0.035156 0.048958
2 0.765625 0.321354 0.028125 0.048958
2 0.367578 0.378646 0.058594 0.130208
2 0.186328 0.473438 0.049219 0.111458
2 0.702344 0.313021 0.060937 0.084375
2 0.328516 0.396875 0.067969 0.120833
2 0.160547 0.500000 0.038281 0.104167
2 0.244922 0.442188 0.058594 0.136458
2 0.128516 0.531771 0.041406 0.069792
2 0.641797 0.313021 0.039844 0.098958
2 0.422656 0.353646 0.054688 0.136458
2 0.472266 0.344792 0.055469 0.120833
2 0.515625 0.331771 0.050000 0.121875
2 0.567187 0.318229 0.059375 0.128125
2 0.603906 0.311979 0.057813 0.117708
2 0.664453 0.311458 0.060156 0.102083
