2 0.947656 0.558333 0.042188 0.104167
2 0.982031 0.617188 0.034375 0.105208
0 0.512109 0.352083 0.011719 0.012500
2 0.615625 0.377083 0.018750 0.020833
2 0.626172 0.378646 0.017969 0.023958
2 0.650000 0.383854 0.037500 0.036458
0 0.488672 0.354167 0.013281 0.016667
2 0.764844 0.429688 0.031250 0.063542
0 0.478906 0.356250 0.012500 0.020833
2 0.732812 0.415104 0.043750 0.053125
0 0.470313 0.361458 0.015625 0.022917
2 0.407422 0.381771 0.044531 0.059375
2 0.966406 0.588021 0.046875 0.107292
1 0.795312 0.446354 0.035937 0.103125
2 0.445312 0.373437 0.039062 0.119792
2 0.282031 0.481250 0.245312 0.495833
2 0.837109 0.470833 0.049219 0.081250
1 0.781641 0.436458 0.022656 0.095833
2 0.153516 0.508854 0.094531 0.236458
