2 0.253906 0.301042 0.056250 0.047917
0 0.063281 0.357292 0.012500 0.022917
2 0.280859 0.293750 0.028906 0.058333
2 0.236328 0.304688 0.025781 0.038542
2 0.160938 0.312500 0.028125 0.037500
2 0.189453 0.305729 0.038281 0.040625
0 0.885938 0.572396 0.040625 0.071875
1 0.257031 0.296875 0.026562 0.087500
0 0.934766 0.660417 0.032031 0.050000
2 0.411328 0.306250 0.033594 0.068750
2 0.312500 0.294271 0.050000 0.061458
2 0.440625 0.310417 0.034375 0.072917
2 0.472656 0.317188 0.039062 0.073958
2 0.687109 0.401562 0.052344 0.088542
