2 0.762500 0.413542 0.012500 0.031250
2 0.485938 0.356250 0.006250 0.018750
0 0.346484 0.378646 0.042969 0.088542
2 0.657813 0.372917 0.021875 0.035417
2 0.817187 0.446875 0.043750 0.047917
2 0.711719 0.393229 0.035937 0.030208
0 0.261719 0.421354 0.206250 0.169792
0 0.539062 0.355729 0.015625 0.013542
2 0.017969 0.672396 0.034375 0.105208
2 0.043750 0.567187 0.085938 0.153125
0 0.448047 0.352604 0.025781 0.023958
2 0.552734 0.359896 0.014844 0.038542
0 0.878125 0.465104 0.101562 0.098958
2 0.419141 0.370312 0.044531 0.113542
2 0.296875 0.415625 0.132812 0.289583
0 0.511719 0.356250 0.035937 0.043750
2 0.613672 0.369271 0.025781 0.063542
