2 0.153516 0.441667 0.025781 0.041667
0 0.692969 0.378125 0.032813 0.020833
2 0.764453 0.405208 0.024219 0.047917
1 0.818750 0.390625 0.015625 0.031250
0 0.395313 0.364583 0.103125 0.093750
2 0.317969 0.383333 0.031250 0.037500
0 0.683594 0.378125 0.017188 0.018750
2 0.718359 0.393750 0.049219 0.037500
2 0.230078 0.409375 0.049219 0.054167
0 0.640234 0.372917 0.025781 0.022917
0 0.663281 0.377083 0.025000 0.018750
2 0.109766 0.459375 0.049219 0.091667
2 0.203125 0.420833 0.031250 0.045833
0 0.395313 0.364583 0.103125 0.093750
2 0.792578 0.433333 0.038281 0.112500
2 0.739453 0.418229 0.032031 0.071875
0 0.457422 0.368750 0.027344 0.029167
0 0.596094 0.367188 0.064062 0.030208
1 0.599219 0.371354 0.010937 0.038542
0 0.944531 0.609375 0.110937 0.264583
0 0.505469 0.370833 0.073438 0.072917
0 0.031250 0.522396 0.060937 0.173958
