2 0.791406 0.305729 0.023438 0.040625
2 0.760156 0.298438 0.032813 0.036458
2 0.703906 0.292708 0.042188 0.043750
2 0.859375 0.331250 0.012500 0.037500
2 0.732031 0.297396 0.039062 0.036458
2 0.220312 0.433333 0.056250 0.087500
2 0.256250 0.405208 0.048438 0.087500
2 0.490625 0.317708 0.034375 0.091667
2 0.326953 0.368229 0.049219 0.092708
0 0.920312 0.373958 0.034375 0.054167
2 0.619531 0.322917 0.160938 0.283333
2 0.072656 0.619792 0.060937 0.108333
2 0.105469 0.545833 0.032813 0.064583
2 0.051953 0.640625 0.027344 0.045833
