1 0.556641 0.310937 0.011719 0.026042
0 0.177734 0.293750 0.014844 0.012500
1 0.576563 0.322396 0.009375 0.021875
1 0.520703 0.299479 0.010156 0.026042
0 0.154687 0.299479 0.026562 0.021875
0 0.602344 0.325000 0.032813 0.041667
0 0.703906 0.386979 0.026562 0.036458
1 0.356250 0.274479 0.014063 0.044792
0 0.602344 0.325000 0.032813 0.043750
0 0.158203 0.304688 0.019531 0.019792
1 0.367188 0.267708 0.012500 0.041667
2 0.045816 0.397167 0.024435 0.089901
2 0.108430 0.326355 0.009163 0.029557
2 0.541539 0.306650 0.011607 0.032020
2 0.532071 0.302340 0.007330 0.028325
2 0.759316 0.428571 0.021991 0.049261
1 0.387905 0.275862 0.013439 0.039409
