2 0.648438 0.378646 0.020313 0.028125
1 0.690625 0.372396 0.009375 0.036458
2 0.667188 0.386979 0.018750 0.028125
0 0.550781 0.355208 0.017188 0.010417
2 0.394141 0.373437 0.028906 0.034375
2 0.277734 0.417188 0.041406 0.063542
1 0.362500 0.361458 0.015625 0.022917
0 0.507031 0.355729 0.020313 0.011458
2 0.246094 0.425000 0.048438 0.081250
0 0.472656 0.355729 0.017188 0.011458
2 0.352734 0.385938 0.057031 0.051042
2 0.306641 0.405208 0.033594 0.060417
2 0.119922 0.516146 0.063281 0.090625
2 0.200391 0.439583 0.060156 0.104167
2 0.158203 0.472917 0.077344 0.091667
3 0.934637 0.585591 0.122175 0.250000
2 0.879047 0.491379 0.025657 0.068966
2 0.863164 0.474754 0.037874 0.060345
2 0.842089 0.464901 0.028711 0.070197
2 0.825596 0.450123 0.038485 0.057882
2 0.804520 0.440887 0.032987 0.056650
2 0.785583 0.431034 0.032987 0.051724
2 0.772755 0.423030 0.030544 0.048030
2 0.752596 0.411946 0.031765 0.040640
2 0.736103 0.408251 0.025657 0.035714
2 0.722053 0.404557 0.028100 0.038177
2 0.712279 0.399015 0.028100 0.036946
2 0.440745 0.373768 0.033598 0.104680
