2 0.834375 0.328646 0.018750 0.034375
2 0.805469 0.327083 0.032813 0.041667
0 0.854688 0.327604 0.023438 0.021875
2 0.585938 0.334375 0.065625 0.072917
2 0.678125 0.321354 0.065625 0.065625
2 0.730469 0.313021 0.048438 0.073958
1 0.599219 0.269271 0.023438 0.067708
2 0.530859 0.328125 0.066406 0.118750
2 0.382812 0.378125 0.053125 0.118750
2 0.323458 0.401478 0.056811 0.128079
2 0.284362 0.415025 0.049481 0.137931
2 0.223580 0.455049 0.051313 0.114532
2 0.250153 0.436576 0.034820 0.119458
2 0.193647 0.470443 0.057422 0.128079
3 0.622786 0.326970 0.051924 0.072660
2 0.751069 0.311576 0.037263 0.066502
2 0.870800 0.351601 0.026268 0.082512
0 0.029016 0.708128 0.023824 0.049261
