2 0.354297 0.385938 0.014844 0.021875
1 0.922656 0.516146 0.035937 0.113542
2 0.091016 0.491667 0.042969 0.075000
2 0.343750 0.387500 0.012500 0.020833
2 0.584375 0.377083 0.015625 0.029167
2 0.283984 0.403646 0.021094 0.028125
0 0.460156 0.368229 0.007812 0.011458
2 0.921875 0.518229 0.035937 0.113542
2 0.270312 0.407292 0.028125 0.035417
2 0.972656 0.571354 0.054688 0.157292
2 0.320703 0.394792 0.017969 0.022917
2 0.247266 0.417188 0.035156 0.040625
2 0.306641 0.396354 0.019531 0.028125
2 0.120312 0.475000 0.032813 0.058333
2 0.172266 0.441146 0.033594 0.069792
2 0.142188 0.456250 0.034375 0.070833
0 0.469531 0.365625 0.010937 0.014583
2 0.729688 0.411458 0.046875 0.066667
2 0.771875 0.423958 0.053125 0.085417
0 0.439844 0.369792 0.035937 0.031250
2 0.875382 0.471675 0.056200 0.120690
2 0.709224 0.404557 0.028100 0.062808
2 0.690898 0.404557 0.031765 0.057882
2 0.669517 0.394704 0.028100 0.052956
2 0.652413 0.388547 0.028100 0.050493
2 0.643861 0.384852 0.026878 0.045567
2 0.629811 0.383005 0.024435 0.044335
2 0.600489 0.376232 0.026878 0.038177
2 0.061393 0.511700 0.027489 0.082512
