0 0.597656 0.366667 0.023438 0.016667
0 0.450000 0.361979 0.040625 0.036458
0 0.689062 0.383333 0.046875 0.029167
0 0.930469 0.505729 0.050000 0.036458
0 0.450000 0.361979 0.040625 0.036458
0 0.689062 0.383854 0.046875 0.030208
0 0.655469 0.377083 0.029687 0.018750
0 0.187109 0.509896 0.310156 0.369792
2 0.941356 0.527709 0.012217 0.040640
2 0.954184 0.538793 0.015883 0.045567
2 0.962431 0.547414 0.014050 0.043103
2 0.972816 0.560961 0.011607 0.048030
2 0.984728 0.572660 0.012217 0.049261
2 0.994502 0.594828 0.009774 0.046798
