0 0.615625 0.372917 0.021875 0.016667
0 0.939844 0.482812 0.035937 0.065625
0 0.685547 0.383333 0.027344 0.020833
0 0.273438 0.391146 0.028125 0.019792
0 0.168359 0.421354 0.021094 0.023958
0 0.990625 0.538021 0.018750 0.061458
0 0.671484 0.379687 0.025781 0.019792
0 0.205469 0.408854 0.025000 0.032292
0 0.759375 0.398438 0.034375 0.038542
0 0.252344 0.395833 0.035937 0.025000
0 0.727344 0.390104 0.029687 0.030208
0 0.183594 0.417708 0.020313 0.020833
0 0.226172 0.401042 0.027344 0.029167
0 0.707031 0.389062 0.028125 0.019792
0 0.385547 0.367708 0.055469 0.039583
0 0.149609 0.435417 0.025781 0.033333
0 0.020703 0.531250 0.041406 0.064583
0 0.501562 0.368229 0.017188 0.017708
0 0.968750 0.516667 0.039062 0.083333
0 0.637500 0.378646 0.040625 0.026042
0 0.865625 0.461458 0.125000 0.102083
