0 0.896875 0.340625 0.007812 0.010417
0 0.924219 0.359375 0.012500 0.014583
0 0.907812 0.356250 0.021875 0.033333
0 0.840625 0.316146 0.012500 0.030208
0 0.821094 0.305729 0.031250 0.046875
0 0.860937 0.326042 0.023438 0.031250
0 0.789844 0.303646 0.039062 0.042708
1 0.518750 0.276042 0.025000 0.060417
0 0.299219 0.402604 0.157813 0.132292
2 0.743739 0.305419 0.053146 0.125616
0 0.539096 0.292488 0.119120 0.082512
0 0.139279 0.494458 0.051313 0.089901
0 0.111179 0.534483 0.039096 0.078818
2 0.171350 0.476601 0.028711 0.068966
0 0.065974 0.592365 0.030544 0.066502
