1 0.039453 0.505729 0.010156 0.030208
0 0.931250 0.501562 0.029687 0.044792
0 0.274219 0.375000 0.050000 0.033333
0 0.533594 0.356250 0.015625 0.016667
0 0.310547 0.365625 0.024219 0.014583
0 0.617188 0.364583 0.021875 0.016667
0 0.073828 0.468750 0.028906 0.041667
0 0.512500 0.360938 0.034375 0.038542
0 0.469531 0.353125 0.026562 0.029167
0 0.114844 0.446875 0.057813 0.064583
0 0.415625 0.352604 0.081250 0.098958
0 0.212889 0.394089 0.056811 0.056650
0 0.186316 0.401478 0.034209 0.049261
2 0.785583 0.413793 0.031765 0.046798
0 0.661576 0.374384 0.031765 0.032020
