0 0.656250 0.343750 0.043750 0.045833
0 0.392578 0.276042 0.057031 0.043750
0 0.042188 0.402604 0.046875 0.107292
0 0.278125 0.276563 0.043750 0.030208
0 0.679688 0.377083 0.046875 0.045833
0 0.044594 0.378079 0.040318 0.056650
0 0.229994 0.276478 0.061698 0.045567
0 0.947465 0.686576 0.021991 0.055419
0 0.884850 0.558498 0.022602 0.035714
2 0.467318 0.292488 0.014661 0.040640
2 0.455712 0.288793 0.012217 0.035714
2 0.444716 0.289409 0.009774 0.029557
2 0.436775 0.285714 0.012217 0.029557
2 0.426084 0.284483 0.012828 0.027094
