0 0.414062 0.309375 0.021875 0.022917
0 0.437500 0.307292 0.034375 0.033333
0 0.913281 0.361979 0.040625 0.057292
0 0.597656 0.281771 0.048438 0.042708
0 0.489062 0.285937 0.025000 0.026042
0 0.597656 0.282292 0.048438 0.043750
0 0.686719 0.271875 0.026562 0.027083
0 0.651172 0.273438 0.057031 0.030208
0 0.344531 0.341667 0.050000 0.050000
0 0.860156 0.334896 0.031250 0.067708
0 0.918750 0.384896 0.037500 0.073958
0 0.766797 0.306250 0.180469 0.212500
2 0.259316 0.427956 0.098351 0.181034
2 0.310324 0.376847 0.058644 0.098522
0 0.107819 0.522783 0.042150 0.062808
1 0.383629 0.320197 0.017104 0.039409
