0 0.871875 0.327604 0.007812 0.011458
0 0.464063 0.294271 0.018750 0.015625
0 0.022656 0.709375 0.028125 0.077083
0 0.339063 0.336979 0.032813 0.042708
0 0.864062 0.327083 0.010937 0.012500
0 0.339063 0.337500 0.032813 0.041667
0 0.376953 0.322917 0.017969 0.016667
0 0.847656 0.319271 0.026562 0.021875
0 0.500000 0.284896 0.015625 0.015625
0 0.290625 0.369792 0.040625 0.039583
0 0.916406 0.372917 0.048438 0.079167
0 0.233984 0.405208 0.071094 0.087500
0 0.099219 0.586458 0.084375 0.143750
0 0.699219 0.291146 0.167187 0.113542
1 0.485034 0.288793 0.007330 0.028325
