1 0.755469 0.273958 0.054688 0.097917
0 0.390234 0.266667 0.044531 0.037500
0 0.865625 0.514583 0.039062 0.041667
0 0.220313 0.279687 0.015625 0.013542
0 0.286719 0.272396 0.014063 0.011458
0 0.545313 0.311458 0.025000 0.027083
0 0.572656 0.320312 0.023438 0.030208
0 0.428906 0.284375 0.020313 0.018750
0 0.341797 0.275000 0.008594 0.016667
0 0.234766 0.277604 0.016406 0.011458
0 0.599219 0.330729 0.025000 0.030208
0 0.138672 0.313542 0.022656 0.018750
0 0.462500 0.287500 0.035937 0.025000
0 0.515234 0.301042 0.027344 0.031250
0 0.175000 0.296875 0.035937 0.035417
0 0.040625 0.391667 0.062500 0.143750
0 0.092969 0.351042 0.037500 0.060417
0 0.681124 0.390394 0.134392 0.093596
2 0.253207 0.277709 0.015272 0.033251
