2 0.937500 0.524479 0.040625 0.098958
0 0.306250 0.382812 0.037500 0.019792
0 0.256641 0.390104 0.024219 0.026042
1 0.972656 0.517187 0.034375 0.140625
0 0.467969 0.365625 0.015625 0.018750
2 0.845312 0.458854 0.029687 0.096875
0 0.116406 0.457292 0.078125 0.058333
0 0.529297 0.359375 0.108594 0.127083
0 0.400000 0.362500 0.025000 0.020833
0 0.738281 0.403125 0.060937 0.070833
0 0.435156 0.366667 0.056250 0.045833
0 0.204688 0.409896 0.057813 0.040625
2 0.064142 0.487685 0.030544 0.076355
1 0.937996 0.471675 0.031155 0.133005
