0 0.047266 0.725000 0.078906 0.145833
2 0.763281 0.311458 0.051562 0.041667
2 0.801562 0.313542 0.034375 0.045833
0 0.059766 0.638542 0.035156 0.066667
0 0.903906 0.356771 0.025000 0.048958
1 0.683594 0.288021 0.029687 0.115625
2 0.558594 0.322917 0.092188 0.095833
2 0.250391 0.421354 0.064844 0.115625
0 0.860156 0.342187 0.042188 0.059375
1 0.701953 0.291146 0.041406 0.132292
2 0.412340 0.363300 0.219914 0.379310
2 0.534514 0.326970 0.065974 0.102217
2 0.198839 0.463054 0.042150 0.093596
0 0.157300 0.501847 0.040929 0.082512
