0 0.915625 0.367708 0.012500 0.014583
0 0.893750 0.356771 0.017188 0.021875
0 0.857031 0.329688 0.017188 0.021875
2 0.532422 0.316667 0.033594 0.085417
2 0.504687 0.323958 0.043750 0.085417
2 0.564844 0.311458 0.045312 0.083333
2 0.617969 0.313021 0.067187 0.067708
2 0.198228 0.491995 0.121564 0.215517
2 0.327734 0.384236 0.051924 0.086207
2 0.366830 0.363916 0.031155 0.089901
2 0.396151 0.360837 0.023824 0.088670
2 0.434637 0.341133 0.042150 0.100985
2 0.701588 0.282635 0.016494 0.025862
2 0.877825 0.342365 0.009774 0.029557
0 0.033598 0.682266 0.024435 0.051724
0 0.043372 0.650862 0.018326 0.033251
2 0.114844 0.536946 0.029322 0.073892
2 0.090104 0.573892 0.027489 0.064039
1 0.065363 0.596059 0.026878 0.056650
