2 0.394922 0.367188 0.044531 0.096875
0 0.914062 0.344792 0.028125 0.037500
2 0.352344 0.369792 0.050000 0.077083
2 0.759375 0.307292 0.043750 0.043750
0 0.108594 0.545313 0.054688 0.096875
0 0.918750 0.388542 0.053125 0.097917
2 0.478906 0.331250 0.064062 0.108333
2 0.631643 0.342980 0.229688 0.380542
2 0.425168 0.348522 0.048870 0.125616
2 0.308186 0.400246 0.058033 0.120690
2 0.260843 0.421182 0.069640 0.135468
2 0.222969 0.455665 0.069640 0.123153
2 0.196701 0.475985 0.059866 0.131773
0 0.632560 0.288793 0.210751 0.171182
0 0.029933 0.741995 0.054979 0.146552
0 0.061087 0.602833 0.032987 0.052956
2 0.056200 0.634852 0.039096 0.062808
0 0.817043 0.314655 0.069029 0.060345
2 0.804520 0.315887 0.037874 0.052956
