0 0.090234 0.562500 0.042969 0.083333
0 0.845312 0.327083 0.017188 0.025000
0 0.916406 0.382292 0.045312 0.077083
2 0.621875 0.307813 0.031250 0.088542
0 0.433984 0.339063 0.289844 0.211458
0 0.029322 0.725369 0.046426 0.115764
0 0.056811 0.610837 0.021991 0.046798
2 0.276726 0.399015 0.046426 0.120690
2 0.240379 0.437808 0.070250 0.126847
2 0.216860 0.443350 0.046426 0.103448
2 0.182957 0.479680 0.058033 0.107143
2 0.153329 0.498153 0.050092 0.097291
2 0.137141 0.516626 0.043372 0.084975
2 0.129505 0.530172 0.045205 0.092365
2 0.704337 0.296182 0.050092 0.072660
2 0.716555 0.301108 0.037874 0.070197
2 0.726329 0.298030 0.031765 0.059113
2 0.779780 0.307266 0.056811 0.065271
0 0.790776 0.312192 0.094685 0.077586
