1 0.655469 0.262500 0.015625 0.025000
2 0.406250 0.353125 0.032813 0.089583
0 0.871875 0.338021 0.039062 0.048958
0 0.907031 0.364583 0.025000 0.041667
0 0.076172 0.594792 0.061719 0.122917
0 0.568750 0.312500 0.218750 0.137500
0 0.214417 0.455665 0.158827 0.204433
1 0.109041 0.541256 0.031155 0.067734
2 0.277031 0.434729 0.177764 0.270936
2 0.043372 0.656404 0.014661 0.034483
1 0.720525 0.289409 0.020159 0.108374
1 0.747404 0.306034 0.017715 0.075123
1 0.806353 0.308498 0.014661 0.082512
1 0.826206 0.317118 0.015272 0.072660
2 0.699756 0.301724 0.038485 0.071429
2 0.747709 0.310345 0.042761 0.066502
