2 0.254297 0.429167 0.055469 0.066667
2 0.630859 0.297396 0.050781 0.065625
0 0.867188 0.331771 0.026562 0.026042
2 0.488281 0.316667 0.035937 0.075000
2 0.580469 0.296875 0.046875 0.081250
0 0.839063 0.317708 0.035937 0.035417
2 0.388516 0.341749 0.089188 0.151478
2 0.654246 0.290025 0.042761 0.072660
2 0.675015 0.290640 0.048870 0.068966
2 0.709224 0.301724 0.043983 0.054187
2 0.727550 0.298645 0.042761 0.050493
2 0.744044 0.298030 0.045205 0.051724
2 0.801772 0.308498 0.032376 0.038177
2 0.140195 0.525862 0.073916 0.140394
2 0.169212 0.477217 0.058644 0.089901
