0 0.310547 0.353125 0.116406 0.100000
0 0.384766 0.356250 0.017969 0.016667
0 0.989062 0.621875 0.020313 0.064583
0 0.399609 0.348958 0.024219 0.020833
0 0.890625 0.494271 0.084375 0.090625
0 0.636719 0.372917 0.073438 0.060417
0 0.890625 0.493750 0.084375 0.089583
0 0.636719 0.372917 0.073438 0.060417
0 0.445703 0.354167 0.035156 0.029167
0 0.514844 0.357812 0.042188 0.048958
0 0.782422 0.417188 0.180469 0.151042
2 0.040623 0.532635 0.053146 0.099754
2 0.141112 0.429803 0.042761 0.088670
2 0.929444 0.544951 0.056811 0.129310
0 0.987172 0.681034 0.023213 0.108374
2 0.688454 0.387315 0.030544 0.048030
2 0.583384 0.358990 0.012217 0.030788
2 0.571472 0.362069 0.006720 0.024631
2 0.598351 0.363300 0.016494 0.034483
2 0.473427 0.350369 0.004887 0.018473
