2 0.765625 0.414583 0.031250 0.054167
0 0.460156 0.361458 0.014063 0.010417
2 0.417969 0.368750 0.020313 0.020833
0 0.480469 0.357292 0.014063 0.014583
2 0.886719 0.484896 0.032813 0.071875
2 0.280859 0.392188 0.033594 0.038542
2 0.791406 0.430729 0.034375 0.051042
0 0.154687 0.425000 0.090625 0.114583
0 0.365625 0.365104 0.078125 0.073958
2 0.976481 0.591133 0.038485 0.123153
2 0.958155 0.550493 0.027489 0.088670
2 0.930055 0.523399 0.032376 0.083744
2 0.907453 0.508005 0.027489 0.075123
2 0.836591 0.448892 0.027489 0.070197
2 0.746487 0.411330 0.034209 0.051724
2 0.735186 0.405172 0.034820 0.041872
0 0.721442 0.383621 0.056200 0.055419
0 0.091936 0.465517 0.047037 0.066502
0 0.082468 0.461823 0.045205 0.059113
1 0.222969 0.411330 0.028100 0.086207
2 0.237630 0.418719 0.048870 0.086207
2 0.346060 0.376847 0.038485 0.046798
