2 0.670313 0.386458 0.018750 0.025000
2 0.421875 0.363542 0.025000 0.022917
2 0.372656 0.377083 0.020313 0.029167
0 0.151562 0.490104 0.300000 0.511458
2 0.352344 0.379687 0.032813 0.038542
2 0.390625 0.372396 0.028125 0.030208
2 0.687891 0.390104 0.027344 0.034375
1 0.325781 0.365625 0.014063 0.031250
2 0.961210 0.567118 0.027489 0.084975
2 0.940440 0.536946 0.027489 0.086207
2 0.928528 0.515394 0.024435 0.089901
2 0.909896 0.501847 0.027489 0.094828
2 0.889432 0.483990 0.023213 0.083744
2 0.870800 0.474754 0.033598 0.082512
2 0.826817 0.457512 0.031155 0.072660
2 0.784362 0.427956 0.034209 0.055419
2 0.771839 0.418103 0.033598 0.050493
2 0.763286 0.418103 0.032376 0.043103
2 0.290776 0.395320 0.047648 0.064039
2 0.322847 0.386084 0.038485 0.045567
2 0.489310 0.352833 0.008552 0.020936
