0 0.528516 0.350521 0.010156 0.011458
0 0.482812 0.353125 0.009375 0.010417
0 0.807813 0.411979 0.023438 0.019792
0 0.714063 0.382812 0.015625 0.013542
0 0.463281 0.353646 0.010937 0.013542
0 0.502344 0.353646 0.007812 0.011458
0 0.183984 0.412500 0.022656 0.025000
0 0.783594 0.403125 0.026562 0.018750
0 0.540625 0.358333 0.018750 0.016667
0 0.736328 0.386979 0.039844 0.026042
0 0.233984 0.392188 0.033594 0.023958
2 0.967318 0.657020 0.064142 0.326355
2 0.934942 0.515394 0.124007 0.257389
2 0.085522 0.475985 0.028100 0.045567
2 0.094075 0.466133 0.030544 0.045567
2 0.634392 0.365148 0.017715 0.025862
2 0.664630 0.368842 0.015883 0.028325
2 0.649664 0.365764 0.020159 0.024631
