1 0.803906 0.413021 0.014063 0.034375
0 0.517578 0.346875 0.016406 0.014583
1 0.828125 0.422917 0.017188 0.056250
0 0.501562 0.346354 0.009375 0.011458
2 0.615625 0.363542 0.017188 0.016667
0 0.300000 0.371875 0.071875 0.047917
0 0.424219 0.351042 0.020313 0.016667
0 0.541406 0.355208 0.045312 0.027083
0 0.474219 0.365625 0.076563 0.072917
2 0.238241 0.391010 0.041539 0.067734
2 0.117593 0.463054 0.056811 0.088670
2 0.047037 0.525862 0.041539 0.133005
2 0.023519 0.570813 0.037263 0.104680
2 0.884850 0.487685 0.066585 0.123153
2 0.925473 0.511700 0.043983 0.112069
0 0.950825 0.591749 0.094685 0.208128
0 0.693341 0.374384 0.041539 0.027094
2 0.763897 0.395936 0.010385 0.020936
