0 0.616016 0.325521 0.011719 0.015625
0 0.486328 0.281250 0.016406 0.016667
0 0.476562 0.273958 0.018750 0.020833
0 0.194922 0.270833 0.016406 0.012500
0 0.209375 0.267188 0.009375 0.015625
0 0.369531 0.250521 0.020313 0.021875
0 0.241406 0.260938 0.010937 0.011458
0 0.225781 0.266667 0.023438 0.022917
0 0.459375 0.275521 0.020313 0.023958
0 0.118750 0.318229 0.025000 0.032292
0 0.063281 0.365625 0.037500 0.052083
0 0.505469 0.282292 0.032813 0.025000
2 0.152718 0.295567 0.010996 0.036946
2 0.171045 0.286946 0.012217 0.027094
2 0.290470 0.259852 0.011607 0.024631
2 0.322847 0.257389 0.011607 0.027094
0 0.934026 0.677340 0.052535 0.110837
0 0.921503 0.633621 0.043372 0.075123
2 0.872327 0.552340 0.039096 0.065271
2 0.861943 0.525862 0.042761 0.061576
2 0.843005 0.511084 0.036652 0.056650
