0 0.917969 0.476562 0.010937 0.013542
0 0.907812 0.465104 0.015625 0.015625
0 0.928906 0.481771 0.015625 0.021875
0 0.891406 0.473958 0.014063 0.022917
0 0.676562 0.377083 0.037500 0.037500
0 0.525000 0.352604 0.025000 0.023958
0 0.542969 0.356250 0.026562 0.020833
0 0.761719 0.403125 0.032813 0.031250
0 0.568750 0.357812 0.028125 0.026042
0 0.978125 0.544792 0.029687 0.052083
0 0.457812 0.361458 0.034375 0.035417
0 0.820703 0.427604 0.047656 0.048958
0 0.342578 0.425000 0.191406 0.197917
2 0.592853 0.370690 0.032376 0.066502
2 0.951741 0.516626 0.015883 0.065271
