0 0.802344 0.482292 0.026562 0.022917
0 0.706641 0.390625 0.025781 0.029167
0 0.779688 0.468750 0.021875 0.025000
2 0.294141 0.295312 0.027344 0.036458
1 0.339063 0.283333 0.029687 0.060417
0 0.082812 0.347917 0.020313 0.035417
1 0.399219 0.288542 0.029687 0.081250
0 0.205469 0.293750 0.075000 0.068750
2 0.461820 0.306650 0.070861 0.108374
2 0.517715 0.316502 0.020159 0.068966
2 0.497251 0.316502 0.019548 0.059113
2 0.614844 0.348522 0.018937 0.044335
2 0.385767 0.293103 0.017715 0.066502
2 0.372633 0.293719 0.017104 0.070197
2 0.349725 0.290025 0.033598 0.062808
2 0.317043 0.289409 0.035431 0.059113
2 0.259316 0.286330 0.029933 0.045567
2 0.112706 0.323892 0.011607 0.044335
0 0.049175 0.376232 0.018937 0.038177
2 0.727245 0.424261 0.028711 0.043103
0 0.915394 0.615764 0.022602 0.039409
0 0.950825 0.717980 0.018937 0.046798
2 0.940745 0.677956 0.018326 0.035714
2 0.566280 0.333128 0.025657 0.035714
