0 0.364844 0.384896 0.020313 0.034375
2 0.717969 0.405208 0.035937 0.035417
2 0.399609 0.368750 0.022656 0.025000
2 0.823047 0.455208 0.052344 0.066667
0 0.522266 0.353646 0.014844 0.011458
2 0.785547 0.437500 0.046094 0.054167
2 0.684766 0.391146 0.042969 0.036458
2 0.365234 0.384375 0.019531 0.035417
0 0.479688 0.352083 0.015625 0.016667
0 0.439063 0.357292 0.037500 0.033333
0 0.500781 0.354167 0.015625 0.016667
0 0.621875 0.350000 0.087500 0.087500
0 0.229297 0.430729 0.261719 0.217708
2 0.105987 0.596675 0.211973 0.491379
2 0.975565 0.581897 0.034209 0.107143
2 0.964264 0.553571 0.027489 0.077586
2 0.769701 0.423030 0.045205 0.060345
2 0.747098 0.412562 0.042761 0.054187
1 0.464875 0.355296 0.009774 0.030788
