2 0.322656 0.380208 0.046875 0.072917
2 0.181250 0.478125 0.039062 0.041667
0 0.043750 0.685417 0.042188 0.091667
2 0.657031 0.288021 0.039062 0.061458
2 0.596484 0.303646 0.024219 0.044792
2 0.620313 0.289583 0.040625 0.066667
0 0.861719 0.335417 0.028125 0.041667
0 0.882812 0.339583 0.017188 0.037500
1 0.502344 0.294792 0.039062 0.122917
0 0.916406 0.389583 0.057813 0.108333
0 0.814844 0.320833 0.064062 0.062500
2 0.268784 0.438424 0.123396 0.184729
3 0.403482 0.325123 0.056811 0.086207
2 0.487172 0.310345 0.039707 0.083744
2 0.128283 0.546798 0.056200 0.110837
2 0.085217 0.613916 0.073916 0.116995
2 0.226634 0.439039 0.028100 0.067734
