0 0.940625 0.672917 0.039062 0.075000
2 0.471094 0.297396 0.026562 0.065625
2 0.502344 0.310417 0.026562 0.075000
0 0.039453 0.418750 0.049219 0.120833
0 0.961210 0.760468 0.076359 0.131773
2 0.752902 0.429187 0.021381 0.072660
2 0.766035 0.434113 0.019548 0.067734
2 0.777337 0.445197 0.020159 0.075123
2 0.789554 0.453202 0.016494 0.071429
2 0.812767 0.482759 0.029933 0.068966
2 0.564753 0.333744 0.023824 0.086207
2 0.430360 0.284483 0.036042 0.086207
2 0.401038 0.290025 0.037263 0.072660
2 0.358277 0.277709 0.039707 0.094828
2 0.334453 0.278325 0.034820 0.066502
2 0.292608 0.282020 0.036652 0.056650
2 0.281918 0.286946 0.042150 0.046798
2 0.259010 0.284483 0.043983 0.049261
2 0.243433 0.285099 0.034820 0.052956
2 0.860110 0.528325 0.015883 0.049261
2 0.837202 0.509852 0.022602 0.049261
0 0.908980 0.591749 0.015883 0.030788
