0 0.116016 0.328646 0.017969 0.015625
0 0.152734 0.314063 0.057031 0.067708
0 0.048047 0.393750 0.050781 0.081250
1 0.466406 0.300521 0.051562 0.136458
0 0.462891 0.306250 0.197656 0.129167
2 0.886378 0.576970 0.019548 0.050493
2 0.768173 0.438424 0.018937 0.046798
2 0.777947 0.451355 0.018937 0.038177
2 0.784973 0.451970 0.019548 0.036946
2 0.794136 0.460591 0.014661 0.034483
2 0.671045 0.381773 0.018937 0.041872
2 0.682957 0.391010 0.018326 0.038177
2 0.349420 0.291872 0.029322 0.066502
2 0.320403 0.287562 0.034820 0.052956
2 0.237630 0.290640 0.034209 0.056650
2 0.226329 0.292488 0.029933 0.055419
2 0.209530 0.294951 0.025657 0.050493
2 0.571472 0.318350 0.014050 0.057882
2 0.631032 0.346675 0.023213 0.060345
