0 0.060938 0.379167 0.037500 0.066667
0 0.892969 0.580208 0.040625 0.060417
0 0.786719 0.469792 0.092188 0.089583
0 0.224609 0.290625 0.116406 0.102083
0 0.413281 0.269792 0.162500 0.127083
2 0.623396 0.357143 0.028711 0.086207
2 0.731521 0.419951 0.033598 0.076355
2 0.696396 0.394704 0.030544 0.070197
2 0.668907 0.381158 0.020770 0.045567
0 0.656078 0.373768 0.023213 0.055419
2 0.830483 0.509852 0.037263 0.054187
2 0.298717 0.283251 0.030544 0.039409
2 0.104154 0.338670 0.021381 0.061576
0 0.093464 0.338670 0.024435 0.046798
