0 0.939062 0.652083 0.025000 0.062500
0 0.783594 0.884375 0.389062 0.231250
0 0.899219 0.571875 0.028125 0.043750
0 0.760547 0.429167 0.141406 0.143750
0 0.760156 0.429167 0.142188 0.143750
0 0.861332 0.524631 0.037874 0.071429
2 0.189676 0.295567 0.025046 0.073892
2 0.132865 0.314655 0.011607 0.057882
2 0.297801 0.282020 0.031155 0.068966
2 0.310935 0.282635 0.036652 0.062808
2 0.340257 0.282635 0.032987 0.072660
2 0.355834 0.286946 0.044594 0.066502
2 0.404093 0.285099 0.031155 0.082512
2 0.430055 0.294951 0.034209 0.082512
2 0.499695 0.312808 0.025657 0.083744
2 0.570861 0.314655 0.012828 0.055419
2 0.553451 0.308498 0.017104 0.052956
2 0.535125 0.302956 0.017104 0.061576
2 0.474954 0.288177 0.026268 0.051724
2 0.455712 0.277709 0.024435 0.052956
