2 0.714844 0.386979 0.039062 0.059375
2 0.620313 0.384375 0.029687 0.041667
2 0.812500 0.409896 0.048438 0.090625
2 0.689453 0.396875 0.058594 0.064583
0 0.495703 0.365625 0.021094 0.022917
0 0.230859 0.399479 0.082031 0.067708
0 0.359766 0.377083 0.114844 0.083333
2 0.759316 0.409483 0.056200 0.097291
2 0.592547 0.375000 0.034209 0.050493
2 0.663409 0.386700 0.054979 0.061576
2 0.650580 0.384236 0.043983 0.056650
2 0.637752 0.384852 0.043983 0.055419
2 0.583690 0.369458 0.033598 0.039409
2 0.045205 0.489532 0.024435 0.080049
2 0.029016 0.506773 0.025046 0.080049
2 0.009163 0.532020 0.018326 0.076355
