2 0.348047 0.353125 0.067969 0.054167
2 0.205078 0.481771 0.057031 0.107292
2 0.330859 0.415625 0.085156 0.102083
1 0.428516 0.342708 0.061719 0.162500
2 0.506414 0.346675 0.074527 0.134236
2 0.114844 0.547414 0.039096 0.055419
2 0.087049 0.592980 0.031155 0.075123
2 0.277947 0.431650 0.101405 0.163793
2 0.263897 0.447660 0.081857 0.168719
2 0.245877 0.454433 0.070250 0.167488
2 0.887599 0.350369 0.012217 0.035714
2 0.847282 0.336207 0.028100 0.046798
2 0.775199 0.320197 0.043983 0.071429
2 0.792914 0.327586 0.040318 0.059113
2 0.680513 0.314655 0.087966 0.121921
2 0.715944 0.309729 0.074527 0.094828
2 0.731827 0.311576 0.067196 0.096059
