2 0.350781 0.378125 0.029687 0.029167
2 0.363281 0.373437 0.039062 0.038542
0 0.624609 0.366146 0.083594 0.048958
0 0.545313 0.356771 0.021875 0.015625
0 0.580078 0.362500 0.038281 0.033333
2 0.256250 0.397917 0.051562 0.056250
0 0.960938 0.618750 0.078125 0.208333
0 0.846875 0.469792 0.201562 0.218750
0 0.770312 0.381250 0.218750 0.145833
0 0.678681 0.391010 0.089188 0.065271
0 0.660660 0.378079 0.072694 0.046798
0 0.566891 0.358990 0.020770 0.020936
2 0.034209 0.608374 0.065974 0.167488
2 0.324068 0.377463 0.053146 0.055419
