0 0.295703 0.377083 0.086719 0.087500
0 0.427344 0.356771 0.021875 0.038542
0 0.488281 0.360938 0.017188 0.009375
0 0.066406 0.488542 0.132812 0.281250
0 0.534375 0.362500 0.014063 0.014583
0 0.453516 0.367708 0.021094 0.016667
0 0.066406 0.490104 0.132812 0.282292
0 0.201562 0.394792 0.126563 0.202083
2 0.770617 0.408867 0.029933 0.066502
2 0.744044 0.390394 0.030544 0.059113
2 0.708002 0.387931 0.034209 0.061576
2 0.694563 0.382389 0.031765 0.057882
2 0.676848 0.384852 0.036652 0.052956
2 0.657911 0.383621 0.037874 0.048030
0 0.352779 0.365764 0.083690 0.068966
0 0.376604 0.351601 0.095907 0.080049
