0 0.783203 0.445833 0.050781 0.070833
0 0.080469 0.343750 0.026562 0.027083
0 0.729688 0.414583 0.075000 0.087500
0 0.729688 0.413542 0.075000 0.087500
0 0.559766 0.329688 0.111719 0.076042
0 0.357422 0.282813 0.114844 0.065625
0 0.440625 0.293750 0.159375 0.083333
0 0.209835 0.292488 0.097129 0.082512
0 0.176848 0.300493 0.081246 0.071429
0 0.162798 0.305419 0.080024 0.071429
0 0.147831 0.309113 0.068418 0.073892
0 0.055895 0.363300 0.016494 0.036946
0 0.643555 0.371305 0.088577 0.094828
0 0.822541 0.474138 0.075137 0.137931
