0 0.124609 0.523958 0.110156 0.160417
2 0.854612 0.344828 0.035431 0.105911
2 0.613622 0.283251 0.045816 0.073892
2 0.531460 0.296798 0.051313 0.081281
2 0.506109 0.307266 0.034820 0.080049
2 0.468540 0.311576 0.035431 0.081281
2 0.438913 0.322660 0.032376 0.078818
2 0.394624 0.330665 0.054979 0.092365
2 0.372938 0.343596 0.031155 0.096059
2 0.339340 0.358374 0.040929 0.086207
2 0.308797 0.373153 0.033598 0.096059
2 0.260232 0.397167 0.040318 0.099754
2 0.234881 0.412562 0.032376 0.083744
2 0.223274 0.421182 0.034820 0.078818
2 0.193952 0.451970 0.047037 0.076355
0 0.899511 0.354680 0.012828 0.024631
