2 0.132422 0.431250 0.028906 0.050000
2 0.235938 0.385417 0.037500 0.045833
2 0.204688 0.394271 0.032813 0.044792
2 0.773438 0.415104 0.028125 0.028125
2 0.152734 0.416667 0.024219 0.050000
2 0.083203 0.461458 0.039844 0.064583
2 0.177734 0.407292 0.028906 0.043750
0 0.523438 0.355208 0.012500 0.014583
0 0.895312 0.478646 0.120312 0.123958
0 0.499609 0.358333 0.036719 0.041667
0 0.324219 0.378646 0.153125 0.126042
0 0.539844 0.358333 0.020313 0.018750
0 0.421875 0.363542 0.046875 0.045833
0 0.585938 0.370313 0.062500 0.053125
2 0.027184 0.512315 0.029933 0.076355
2 0.052230 0.483990 0.028711 0.071429
2 0.102627 0.450739 0.028100 0.051724
2 0.463348 0.357759 0.012828 0.040640
