0 0.471484 0.301042 0.057031 0.056250
1 0.795703 0.296354 0.010156 0.032292
0 0.909375 0.367708 0.037500 0.060417
2 0.817960 0.320197 0.032987 0.088670
2 0.874771 0.336823 0.008552 0.030788
2 0.435553 0.310345 0.024435 0.061576
2 0.416921 0.314655 0.017715 0.062808
2 0.400428 0.317118 0.018937 0.060345
2 0.361637 0.335591 0.013439 0.052956
2 0.322236 0.351601 0.022602 0.050493
2 0.305742 0.358990 0.023824 0.052956
2 0.225107 0.405788 0.022602 0.052956
2 0.101405 0.551724 0.041539 0.073892
0 0.050092 0.645936 0.023213 0.048030
0 0.023519 0.766010 0.025046 0.061576
