0 0.918750 0.374479 0.045312 0.080208
0 0.661719 0.217187 0.367188 0.434375
3 0.451130 0.316502 0.033598 0.108374
3 0.427306 0.328202 0.038485 0.116995
2 0.398900 0.337438 0.039096 0.113300
2 0.290470 0.381158 0.053146 0.121921
2 0.266035 0.397783 0.043372 0.108374
2 0.246182 0.408867 0.037874 0.100985
2 0.215027 0.422414 0.053757 0.108374
2 0.167990 0.479680 0.047648 0.099754
2 0.146610 0.496921 0.039096 0.087438
2 0.133170 0.504926 0.025657 0.073892
2 0.130116 0.515394 0.031765 0.075123
2 0.887905 0.373768 0.047037 0.176108
2 0.849725 0.326970 0.012217 0.052956
0 0.033293 0.690887 0.027489 0.064039
0 0.021686 0.753695 0.020159 0.056650
1 0.364081 0.332512 0.041539 0.086207
2 0.468845 0.306650 0.047037 0.105911
