0 0.059375 0.632292 0.056250 0.097917
2 0.653125 0.287500 0.031250 0.035417
2 0.513281 0.298958 0.035937 0.047917
0 0.910156 0.366667 0.032813 0.060417
2 0.587966 0.282635 0.049481 0.067734
2 0.610263 0.279557 0.041539 0.059113
2 0.663714 0.283867 0.037263 0.050493
2 0.445327 0.315887 0.023213 0.060345
2 0.420892 0.324507 0.023213 0.060345
2 0.346671 0.356527 0.020159 0.060345
2 0.321930 0.366379 0.034209 0.062808
2 0.305437 0.371921 0.026878 0.068966
2 0.214417 0.435961 0.026878 0.054187
2 0.199145 0.447044 0.037874 0.068966
2 0.182346 0.458744 0.014050 0.050493
2 0.164936 0.471675 0.019548 0.044335
