0 0.485156 0.354167 0.010937 0.016667
0 0.420312 0.359375 0.015625 0.022917
0 0.571094 0.360938 0.014063 0.015625
2 0.233594 0.397396 0.034375 0.038542
2 0.287891 0.383854 0.033594 0.026042
0 0.505078 0.356250 0.027344 0.033333
1 0.256250 0.379687 0.014063 0.044792
2 0.252344 0.395833 0.042188 0.037500
0 0.386719 0.361458 0.020313 0.035417
0 0.505078 0.356250 0.027344 0.033333
0 0.634375 0.376563 0.046875 0.032292
0 0.162109 0.452083 0.144531 0.145833
2 0.347282 0.386700 0.091020 0.150246
2 0.437996 0.359606 0.020770 0.051724
1 0.679902 0.383005 0.008552 0.036946
2 0.060782 0.570197 0.098351 0.278325
2 0.078497 0.485837 0.027489 0.082512
2 0.098656 0.478448 0.026268 0.080049
2 0.122480 0.459975 0.031155 0.082512
0 0.029627 0.567118 0.058033 0.176108
