0 0.475000 0.352604 0.012500 0.011458
0 0.508594 0.357292 0.032813 0.041667
0 0.289062 0.381771 0.084375 0.080208
0 0.544531 0.353646 0.014063 0.011458
0 0.561328 0.355729 0.021094 0.011458
0 0.508594 0.356771 0.032813 0.040625
0 0.590234 0.361458 0.022656 0.014583
0 0.448828 0.357292 0.013281 0.014583
0 0.431250 0.359896 0.021875 0.021875
2 0.339035 0.386700 0.056200 0.125616
2 0.187233 0.415025 0.042150 0.068966
2 0.209530 0.404557 0.035431 0.065271
2 0.225718 0.400862 0.031155 0.055419
2 0.412340 0.361453 0.013439 0.050493
2 0.463348 0.355911 0.006720 0.024631
2 0.629505 0.368227 0.006720 0.022167
