0 0.853125 0.321875 0.023438 0.027083
2 0.315625 0.368229 0.034375 0.061458
0 0.924219 0.369792 0.034375 0.060417
0 0.119141 0.528125 0.167969 0.293750
0 0.785547 0.302604 0.042969 0.051042
0 0.725000 0.296875 0.096875 0.060417
0 0.482812 0.328646 0.206250 0.123958
2 0.632865 0.294951 0.091631 0.161330
2 0.825901 0.315271 0.015883 0.046798
2 0.862553 0.331897 0.012217 0.052956
2 0.339035 0.359606 0.020770 0.061576
2 0.364997 0.349754 0.022602 0.066502
2 0.237935 0.418719 0.033598 0.066502
2 0.222053 0.427340 0.027489 0.061576
0 0.056811 0.633621 0.029322 0.052956
