0 0.891406 0.343229 0.015625 0.015625
0 0.494531 0.277083 0.026562 0.020833
0 0.880469 0.340104 0.014063 0.015625
0 0.083203 0.564583 0.094531 0.175000
0 0.903906 0.358333 0.017188 0.031250
0 0.522266 0.273958 0.019531 0.014583
0 0.647656 0.265625 0.020313 0.014583
0 0.552734 0.266667 0.021094 0.016667
0 0.442187 0.292708 0.021875 0.018750
0 0.083594 0.565104 0.095312 0.176042
0 0.464844 0.286458 0.020313 0.018750
0 0.764453 0.296354 0.066406 0.061458
0 0.921094 0.373958 0.039062 0.070833
0 0.585156 0.272396 0.051562 0.028125
2 0.177153 0.453818 0.034209 0.057882
2 0.168296 0.466749 0.028711 0.054187
2 0.155467 0.477217 0.021381 0.045567
2 0.145693 0.484606 0.018937 0.045567
0 0.055895 0.628079 0.029933 0.064039
0 0.624313 0.264778 0.025657 0.017241
