0 0.574219 0.355208 0.010937 0.022917
0 0.783984 0.411458 0.017969 0.014583
0 0.707812 0.387500 0.018750 0.014583
0 0.724219 0.390625 0.025000 0.016667
0 0.753125 0.403125 0.018750 0.014583
0 0.531250 0.363021 0.078125 0.076042
0 0.372266 0.355729 0.016406 0.013542
0 0.660937 0.374479 0.048438 0.030208
0 0.602344 0.365104 0.029687 0.017708
0 0.531250 0.363021 0.078125 0.076042
2 0.437080 0.351601 0.005498 0.020936
2 0.461515 0.352217 0.009163 0.017241
2 0.954490 0.528941 0.017715 0.057882
2 0.937385 0.518473 0.012828 0.071429
2 0.856139 0.458744 0.031155 0.060345
