0 0.792578 0.296354 0.035156 0.048958
0 0.471094 0.311979 0.054688 0.067708
0 0.902344 0.361979 0.020313 0.034375
0 0.471094 0.311979 0.054688 0.067708
0 0.275781 0.363021 0.159375 0.176042
2 0.632865 0.281404 0.028100 0.062808
2 0.646610 0.289409 0.025046 0.041872
2 0.667074 0.292488 0.026878 0.043103
2 0.154856 0.482759 0.029933 0.061576
0 0.071778 0.589901 0.022602 0.034483
0 0.052535 0.601601 0.021991 0.048030
0 0.029322 0.676724 0.013439 0.028325
0 0.018326 0.702586 0.019548 0.040640
0 0.921503 0.375616 0.012828 0.022167
