0 0.191016 0.279167 0.016406 0.014583
0 0.885156 0.575000 0.025000 0.033333
0 0.378125 0.260417 0.034375 0.025000
1 0.746875 0.419792 0.015625 0.031250
0 0.868750 0.530208 0.035937 0.056250
0 0.731250 0.404687 0.025000 0.015625
0 0.377734 0.260417 0.033594 0.025000
0 0.327734 0.265625 0.069531 0.050000
0 0.262109 0.268750 0.042969 0.025000
0 0.048047 0.381771 0.041406 0.080208
0 0.233354 0.270936 0.037874 0.022167
0 0.393403 0.267857 0.017104 0.023399
0 0.405925 0.268473 0.014050 0.027094
0 0.422724 0.277094 0.045205 0.034483
2 0.543372 0.310961 0.025046 0.062808
1 0.464569 0.286330 0.011607 0.048030
2 0.813378 0.480911 0.021381 0.052956
2 0.775504 0.447044 0.017715 0.041872
2 0.941051 0.693966 0.015272 0.028325
2 0.937691 0.679803 0.018326 0.034483
2 0.955101 0.756773 0.054368 0.077586
