2 0.665241 0.360222 0.255345 0.476601
2 0.825901 0.349138 0.076970 0.205665
2 0.859499 0.346059 0.037874 0.140394
0 0.919976 0.392857 0.061087 0.113300
0 0.905315 0.355296 0.024435 0.035714
1 0.596823 0.303571 0.023213 0.084975
0 0.405925 0.350369 0.276726 0.240148
2 0.361026 0.403325 0.190593 0.254926
2 0.235186 0.513547 0.256567 0.418719
2 0.107208 0.575739 0.075137 0.129310
2 0.115455 0.541872 0.035431 0.066502
2 0.077581 0.608374 0.046426 0.076355
2 0.048564 0.655172 0.032376 0.059113
2 0.040012 0.693350 0.047037 0.081281
2 0.021991 0.775246 0.036652 0.060345
