0 0.506250 0.357812 0.042188 0.032292
2 0.162891 0.430208 0.013281 0.022917
0 0.050391 0.505208 0.044531 0.056250
0 0.085547 0.468229 0.035156 0.053125
1 0.102344 0.455208 0.015625 0.045833
0 0.389844 0.364583 0.042188 0.031250
0 0.389844 0.364583 0.042188 0.031250
0 0.237891 0.395833 0.033594 0.025000
0 0.017969 0.518750 0.035937 0.095833
2 0.474954 0.362685 0.049481 0.161330
2 0.949297 0.653325 0.097740 0.282020
2 0.948687 0.528941 0.101405 0.235222
2 0.814600 0.431034 0.139890 0.300493
2 0.678681 0.379926 0.179597 0.341133
2 0.558949 0.357759 0.070861 0.166256
2 0.602321 0.375000 0.063531 0.121921
0 0.934026 0.544951 0.129505 0.205665
