0 0.649219 0.377083 0.014063 0.020833
0 0.325391 0.376042 0.013281 0.018750
0 0.301562 0.384375 0.021875 0.018750
0 0.283203 0.387500 0.025781 0.020833
0 0.422656 0.367188 0.020313 0.011458
0 0.044531 0.500521 0.035937 0.065625
0 0.091406 0.466667 0.048438 0.056250
1 0.057422 0.475521 0.022656 0.067708
0 0.017969 0.518750 0.035937 0.097917
0 0.368359 0.370833 0.052344 0.029167
0 0.934375 0.506771 0.131250 0.123958
2 0.946854 0.563424 0.102627 0.296798
2 0.803299 0.434729 0.153940 0.295567
2 0.710751 0.388547 0.044594 0.114532
2 0.679597 0.385468 0.067807 0.160099
2 0.598656 0.368227 0.040318 0.118227
2 0.556506 0.362685 0.064753 0.158867
2 0.472205 0.362069 0.052535 0.165025
2 0.244960 0.400246 0.048870 0.081281
2 0.124007 0.445197 0.019548 0.030788
2 0.136225 0.438424 0.024435 0.032020
2 0.163409 0.423030 0.014050 0.030788
