0 0.871094 0.337500 0.020313 0.029167
0 0.784375 0.314063 0.096875 0.132292
2 0.839340 0.325739 0.021991 0.072660
0 0.923030 0.402709 0.062309 0.125616
0 0.904398 0.360837 0.017715 0.049261
2 0.578803 0.404557 0.357361 0.703202
2 0.342089 0.405788 0.251680 0.506158
1 0.539707 0.299877 0.049481 0.153941
0 0.381185 0.395936 0.260232 0.321429
2 0.527489 0.314655 0.131338 0.183498
2 0.144777 0.517857 0.053757 0.104680
2 0.102016 0.586823 0.076970 0.141626
2 0.064447 0.642241 0.065363 0.119458
2 0.049786 0.708744 0.083690 0.166256
0 0.032071 0.690271 0.039707 0.109606
