0 0.877344 0.530729 0.054688 0.092708
0 0.600781 0.327083 0.017188 0.033333
0 0.936719 0.640625 0.040625 0.064583
0 0.469531 0.280208 0.029687 0.018750
0 0.248828 0.271354 0.021094 0.013542
0 0.362500 0.264062 0.020313 0.017708
0 0.832031 0.489062 0.035937 0.059375
0 0.877344 0.530208 0.054688 0.093750
0 0.507031 0.292708 0.104687 0.050000
0 0.379687 0.267708 0.031250 0.018750
0 0.418750 0.271354 0.026562 0.019792
0 0.446094 0.273958 0.029687 0.027083
0 0.335938 0.267188 0.051562 0.026042
0 0.280469 0.268750 0.048438 0.020833
0 0.042578 0.407292 0.052344 0.104167
2 0.542761 0.346059 0.166768 0.233990
2 0.102016 0.332512 0.013439 0.034483
0 0.883629 0.552956 0.037263 0.054187
2 0.738852 0.403941 0.011607 0.029557
2 0.763592 0.426108 0.014661 0.032020
0 0.708308 0.377463 0.048259 0.050493
