0 0.505859 0.357292 0.024219 0.027083
0 0.572656 0.361979 0.018750 0.015625
1 0.147656 0.451042 0.023438 0.062500
0 0.484766 0.355208 0.010156 0.010417
0 0.561719 0.357812 0.014063 0.017708
0 0.505859 0.357292 0.024219 0.027083
0 0.455469 0.359375 0.014063 0.022917
0 0.434766 0.360417 0.033594 0.035417
0 0.593750 0.364583 0.031250 0.025000
0 0.103125 0.473437 0.059375 0.071875
0 0.630469 0.371875 0.054688 0.039583
0 0.823438 0.438542 0.178125 0.154167
2 0.302993 0.394704 0.057422 0.070197
2 0.332315 0.383005 0.039096 0.061576
2 0.355834 0.381158 0.040929 0.055419
2 0.374465 0.374384 0.036652 0.046798
2 0.398595 0.370074 0.026268 0.040640
2 0.403787 0.370074 0.028100 0.040640
