2 0.389062 0.377083 0.040625 0.041667
0 0.537500 0.356771 0.009375 0.013542
0 0.548828 0.357292 0.010156 0.016667
0 0.559766 0.360938 0.010156 0.015625
2 0.360156 0.384896 0.032813 0.044792
0 0.451953 0.358854 0.014844 0.026042
0 0.503125 0.363542 0.050000 0.056250
0 0.423438 0.362500 0.048438 0.043750
0 0.035937 0.571875 0.071875 0.318750
0 0.650391 0.381771 0.064844 0.042708
0 0.749609 0.419792 0.119531 0.081250
0 0.229687 0.441146 0.226562 0.184375
2 0.465180 0.356527 0.010385 0.040640
0 0.583690 0.365148 0.027489 0.023399
