0 0.123047 0.328125 0.008594 0.018750
0 0.823828 0.496875 0.057031 0.070833
0 0.112109 0.331250 0.011719 0.022917
0 0.746484 0.427083 0.127344 0.120833
0 0.876562 0.551562 0.020313 0.028125
1 0.910937 0.600000 0.015625 0.025000
1 0.901563 0.581250 0.014063 0.027083
0 0.888281 0.563542 0.023438 0.035417
0 0.184375 0.305729 0.071875 0.067708
0 0.746875 0.427083 0.126563 0.120833
0 0.327734 0.290625 0.139844 0.070833
2 0.629505 0.366379 0.045816 0.077586
2 0.588882 0.357143 0.045205 0.081281
2 0.178070 0.314655 0.044594 0.092365
0 0.144777 0.318350 0.021991 0.028325
2 0.093158 0.342980 0.014050 0.028325
2 0.955712 0.746305 0.031155 0.054187
0 0.924252 0.625000 0.014661 0.025862
