0 0.052344 0.534896 0.104687 0.263542
0 0.691406 0.361979 0.217187 0.213542
1 0.965625 0.465104 0.023438 0.069792
0 0.051953 0.537500 0.103906 0.268750
0 0.557031 0.372396 0.014063 0.032292
0 0.493750 0.370833 0.009375 0.012500
0 0.571875 0.373958 0.028125 0.045833
0 0.480469 0.369792 0.018750 0.018750
0 0.690625 0.362500 0.215625 0.212500
2 0.833594 0.464063 0.089063 0.123958
0 0.412891 0.376563 0.030469 0.026042
0 0.451562 0.373437 0.039062 0.030208
0 0.371875 0.381250 0.054688 0.033333
2 0.222053 0.418719 0.034820 0.044335
2 0.527489 0.366379 0.010385 0.050493
2 0.535736 0.369458 0.007330 0.032020
2 0.508247 0.370074 0.006109 0.020936
