0 0.946094 0.485417 0.012500 0.014583
0 0.918750 0.465104 0.012500 0.013542
0 0.902344 0.454167 0.020313 0.016667
0 0.417188 0.354167 0.031250 0.020833
0 0.967188 0.510417 0.025000 0.058333
0 0.871094 0.440625 0.048438 0.035417
0 0.334375 0.364062 0.031250 0.021875
0 0.834375 0.408854 0.071875 0.067708
0 0.513672 0.356771 0.022656 0.026042
0 0.214453 0.392188 0.039844 0.044792
0 0.368359 0.360417 0.027344 0.020833
0 0.160938 0.417188 0.028125 0.036458
0 0.467969 0.356250 0.067187 0.100000
0 0.990531 0.538177 0.011607 0.022167
2 0.066585 0.488916 0.018326 0.032020
