1 0.245312 0.398438 0.009375 0.021875
1 0.263672 0.390104 0.010156 0.032292
1 0.288281 0.388021 0.007812 0.023958
0 0.417188 0.369792 0.035937 0.027083
2 0.854688 0.451042 0.056250 0.164583
2 0.757812 0.419792 0.059375 0.108333
2 0.805859 0.431771 0.058594 0.132292
0 0.344922 0.380729 0.083594 0.063542
0 0.469531 0.366667 0.042188 0.043750
0 0.102016 0.494458 0.201588 0.341133
2 0.978619 0.567734 0.040318 0.216749
2 0.945021 0.496921 0.037874 0.173645
2 0.917227 0.496921 0.037263 0.183498
2 0.717776 0.404557 0.072083 0.104680
2 0.695785 0.401478 0.079414 0.091133
2 0.681124 0.391010 0.083079 0.075123
2 0.654856 0.387931 0.067196 0.064039
1 0.515272 0.368227 0.007941 0.036946
1 0.523824 0.363300 0.009163 0.036946
1 0.229688 0.397167 0.010996 0.030788
