0 0.670313 0.269271 0.089063 0.065625
2 0.603906 0.302604 0.032813 0.042708
2 0.568359 0.300521 0.052344 0.061458
2 0.469762 0.302956 0.051313 0.078818
2 0.447159 0.328202 0.057422 0.112069
2 0.404093 0.360222 0.075137 0.144089
2 0.309102 0.403325 0.084301 0.149015
2 0.268784 0.431650 0.054979 0.146552
2 0.234881 0.429803 0.050703 0.150246
2 0.207697 0.436576 0.046426 0.107143
2 0.160049 0.508005 0.091631 0.161330
2 0.126451 0.548645 0.058644 0.151478
2 0.097740 0.593596 0.057422 0.113300
2 0.342700 0.346675 0.030544 0.082512
2 0.316738 0.363916 0.043372 0.094828
1 0.020770 0.750616 0.020770 0.043103
