0 0.887500 0.452083 0.021875 0.029167
0 0.360938 0.375521 0.010937 0.009375
0 0.917969 0.471354 0.025000 0.032292
0 0.377734 0.372917 0.019531 0.010417
1 0.103125 0.454688 0.018750 0.061458
1 0.087891 0.457812 0.014844 0.063542
0 0.258984 0.398438 0.150781 0.113542
0 0.829687 0.422917 0.031250 0.029167
2 0.854688 0.468750 0.046875 0.095833
0 0.258984 0.397917 0.150781 0.112500
0 0.460156 0.366146 0.023438 0.019792
1 0.632031 0.368750 0.028125 0.091667
2 0.682813 0.388021 0.065625 0.069792
2 0.617593 0.381158 0.035431 0.043103
2 0.593158 0.376847 0.035431 0.034483
1 0.590104 0.362685 0.008552 0.028325
2 0.054368 0.496305 0.030544 0.081281
2 0.124007 0.458128 0.026878 0.059113
2 0.158827 0.433498 0.025657 0.064039
