0 0.073047 0.353125 0.016406 0.027083
0 0.105859 0.332292 0.057031 0.093750
0 0.703125 0.404167 0.025000 0.025000
0 0.057031 0.367188 0.023438 0.040625
0 0.105859 0.332292 0.057031 0.093750
0 0.451562 0.287500 0.053125 0.045833
0 0.551953 0.321875 0.044531 0.054167
0 0.164844 0.303646 0.048438 0.053125
0 0.241797 0.283854 0.069531 0.053125
0 0.961210 0.766626 0.042150 0.070197
0 0.936775 0.659483 0.020159 0.048030
2 0.657605 0.384852 0.098351 0.136700
2 0.032071 0.401478 0.022602 0.066502
0 0.486866 0.291256 0.019548 0.025862
