0 0.663281 0.375000 0.095312 0.075000
0 0.339844 0.378646 0.078125 0.059375
0 0.395312 0.368229 0.035937 0.023958
0 0.419531 0.367708 0.014063 0.014583
0 0.446484 0.365104 0.021094 0.015625
0 0.047266 0.509896 0.094531 0.115625
0 0.432031 0.367188 0.017188 0.013542
0 0.484375 0.363542 0.012500 0.014583
0 0.500000 0.365104 0.015625 0.017708
0 0.533594 0.367708 0.014063 0.014583
0 0.662891 0.375521 0.094531 0.073958
0 0.340234 0.379167 0.078906 0.058333
0 0.549219 0.368229 0.023438 0.021875
0 0.220313 0.410417 0.150000 0.112500
0 0.765234 0.414062 0.169531 0.111458
