0 0.499219 0.368750 0.032813 0.041667
0 0.478906 0.364583 0.010937 0.008333
0 0.913281 0.469792 0.032813 0.043750
0 0.044922 0.478646 0.035156 0.063542
0 0.946094 0.494792 0.037500 0.045833
0 0.241797 0.387500 0.030469 0.029167
0 0.978125 0.527083 0.040625 0.056250
0 0.452734 0.360417 0.032031 0.045833
0 0.336328 0.370833 0.060156 0.033333
0 0.499219 0.368750 0.032813 0.041667
0 0.270703 0.384375 0.035156 0.031250
0 0.390625 0.371354 0.056250 0.040625
2 0.088271 0.460591 0.073916 0.167488
0 0.154246 0.413177 0.009163 0.013547
2 0.875993 0.448276 0.021991 0.051724
