0 0.090234 0.466146 0.075781 0.107292
0 0.860937 0.651042 0.276563 0.689583
0 0.155078 0.428125 0.075781 0.087500
0 0.090625 0.466146 0.075000 0.107292
0 0.528125 0.367708 0.018750 0.018750
0 0.212109 0.403646 0.053906 0.059375
0 0.430469 0.365625 0.029687 0.022917
0 0.317187 0.388542 0.203125 0.135417
2 0.715027 0.397167 0.047037 0.084975
2 0.655467 0.387931 0.054979 0.066502
2 0.642944 0.379926 0.054368 0.052956
2 0.620037 0.380542 0.042761 0.049261
1 0.603238 0.362069 0.014050 0.044335
2 0.600183 0.375616 0.034820 0.041872
2 0.583690 0.373768 0.036042 0.038177
0 0.457239 0.363916 0.028711 0.033251
